   0.7008477413    2.6414735830    4.6302563868
   1.6808477413    2.6414735830    4.3676661782
   1.1908477413    3.4901784788    4.3676661782
   0.2108477413    3.4901784788    4.3676661782
  -0.2791522587    2.6414735830    4.3676661782
   2.3982575327    2.6414735830    3.6502563868
   2.0740811090    3.6391860255    3.6502563868
   1.2253762133    4.2558062260    3.6502563868
   0.1763192694    4.2558062260    3.6502563868
  -0.6723856263    3.6391860255    3.6502563868
  -0.9965620501    2.6414735830    3.6502563868
   2.6608477413    2.6414735830    2.6702563868
   2.3982575327    3.6214735830    2.6702563868
   1.6808477413    4.3388833745    2.6702563868
   0.7008477413    4.6014735830    2.6702563868
  -0.2791522587    4.3388833745    2.6702563868
  -0.9965620501    3.6214735830    2.6702563868
  -1.2591522587    2.6414735830    2.6702563868
   2.3982575327    2.6414735830    1.6902563868
   2.0740811090    3.6391860255    1.6902563868
   1.2253762133    4.2558062260    1.6902563868
   0.1763192694    4.2558062260    1.6902563868
  -0.6723856263    3.6391860255    1.6902563868
  -0.9965620501    2.6414735830    1.6902563868
   1.6808477413    2.6414735830    0.9728465953
   1.1908477413    3.4901784788    0.9728465953
   0.2108477413    3.4901784788    0.9728465953
  -0.2791522587    2.6414735830    0.9728465953
   0.7008477413    2.6414735830    0.7102563868
   0.6466183136    1.4796321702    4.5952041984
   1.6966183136    1.4796321702    4.3138575463
  -0.4033816864    1.4796321702    4.3138575463
   2.4652716616    1.4796321702    3.5452041984
  -1.0983667952    1.9920060279    3.5452041984
  -1.0983667952    0.9672583125    3.5452041984
   2.7466183136    1.4796321702    2.4952041984
  -1.3923595030    1.9821950652    2.4952041984
   2.4652716616    1.4796321702    1.4452041984
  -1.0983667952    1.9920060279    1.4452041984
   1.6966183136    1.4796321702    0.6765508504
   1.1716183136    2.3889588442    0.6765508504
   0.1216183136    2.3889588442    0.6765508504
   0.5993572040    0.3180808792    4.4268144957
   1.6493572040    0.3180808792    4.1454678436
  -0.4506427960    0.3180808792    4.1454678436
   0.0743572040   -0.5912457948    4.1454678436
   1.1243572040   -0.5912457948    4.1454678436
   2.4180105519    0.3180808792    3.3768144957
   0.3405358469   -1.4820612000    3.3768144957
   1.3548531082   -1.3362243946    3.3768144957
   2.1293057579   -0.6651573536    3.3768144957
   2.6993572040    0.3180808792    2.3268144957
   0.8524842325   -1.7666077565    2.3268144957
   1.7922931721   -1.4101852392    2.3268144957
   2.4588148579   -0.6578377821    2.3268144957
   2.4180105519    0.3180808792    1.2768144957
   1.3548531082   -1.3362243946    1.2768144957
   2.1293057579   -0.6651573536    1.2768144957
  -1.1122969162    1.9341813986    1.3695863943
  -0.1144996248   -2.1140413466    1.3695863943
   0.8253093148   -1.7576188294    1.3695863943
  -1.5585913196    1.3450937826    0.3195863943
  -1.9378450697    1.4682522911    2.8101530709
  -2.8699883788   -1.7063362817    2.8101530709
  -1.9378450697   -2.1320318672    2.8101530709
  -0.9235278084   -1.9861950618    2.8101530709
  -1.4258966841    1.7527988475    1.7601530709
  -2.4236939754    1.6316443216    1.7601530709
  -1.4258966841   -2.4165784237    1.7601530709
  -1.9378450697    1.4682522911    0.7101530709
  -0.9235278084   -1.9861950618    0.7101530709
  -3.1588490062   -1.6155653955    2.6309352114
  -3.8248136725    0.6682077721    1.8622818635
  -2.8926703633   -2.5063808007    1.8622818635
  -3.3785192690    1.2572953881    0.8122818635
  -4.2057215774    0.6863188608    0.8122818635
  -3.3785192690   -2.6697728312    0.8122818635
  -2.3807219777   -2.7909273571    0.8122818635
  -1.4409130381   -2.4345048399    0.8122818635
  -3.8248136725    0.6682077721   -0.2377181365
  -4.3788341150   -0.1938648638   -0.2377181365
  -2.0283048065    1.2883280933   -0.5333446835
  -3.0261020979    1.1671735674   -0.5333446835
  -3.8533044062    0.5961970400   -0.5333446835
  -4.3204096517   -0.2937976473   -0.5333446835
  -3.0261020979   -2.7598946519   -0.5333446835
  -2.0283048065   -2.8810491779   -0.5333446835
  -2.5402531922    1.0037815369   -1.5833446835
  -3.4723965013    0.5780859513   -1.5833446835
  -1.5259359309   -2.4506658160   -1.5833446835
  -1.7189379403    1.4425829736   -0.9314669922
  -0.7211406490   -2.6056397717   -0.9314669922
   0.2186682906   -2.2492172544   -0.9314669922
  -0.2187717734    1.1333541377   -1.9814669922
  -1.2330890346    1.2791909431   -1.9814669922
  -2.1652323438    0.8534953576   -1.9814669922
  -1.2330890346   -2.3210932152   -1.9814669922
   0.7354135926   -1.8009790596    1.0670763760
   1.5098662423   -1.1299120186    1.0670763760
   0.2330447169    1.9380148497    0.0170763760
  -0.7647525744    1.8168603238    0.0170763760
   0.2330447169   -2.2313624215    0.0170763760
   1.1728536565   -1.8749399042    0.0170763760
  -0.2789036687    1.6534682933   -1.0329236240
   0.7354135926   -1.8009790596   -1.0329236240
   0.5049176884    0.7626528881   -1.8015769719
  -1.9595709774   -0.2787944320    4.4893091867
  -0.9720917536   -0.2787944320    4.1684577373
  -1.6544231157    0.6603541185    4.1684577373
  -2.7584584511    0.3016312927    4.1684577373
  -2.7584584511   -0.8592201568    4.1684577373
  -1.6544231157   -1.2179429826    4.1684577373
  -1.6821202695    1.2947067237    3.3284577373
  -2.7584584511    1.1049192619    3.3284577373
  -3.4609883052    0.2676767845    3.3284577373
  -3.4609883052   -0.8252656485    3.3284577373
  -2.7584584511   -1.6625081260    3.3284577373
  -1.6821202695   -1.8522955878    3.3284577373
  -3.6501009290   -0.9328454095    2.8049785719
  -4.4489884027   -0.3524196848    2.4841271225
  -4.4489884027   -1.5132711343    2.4841271225
  -3.3449530673   -1.8719939601    2.4841271225
  -4.4489884027    0.4508682844    1.6441271225
  -5.1515182568   -0.3863741930    1.6441271225
  -5.1515182568   -1.4793166260    1.6441271225
  -4.4489884027   -2.3165591035    1.6441271225
  -3.3726502211   -2.5063465653    1.6441271225
  -4.4489884027    0.4508682844    0.6058300214
  -5.1515182568   -0.3863741930    0.6058300214
  -5.1515182568   -1.4793166260    0.6058300214
  -4.4489884027   -2.3165591035    0.6058300214
  -4.4489884027   -0.3524196848   -0.2341699786
  -4.4489884027   -1.5132711343   -0.2341699786
  -4.5255001121   -0.5435808723   -0.7522072614
  -4.5255001121   -1.6365233053   -0.7522072614
  -3.8229702580   -2.4737657828   -0.7522072614
  -3.8229702580    0.2936616051   -1.7905043625
  -4.5255001121   -0.5435808723   -1.7905043625
  -4.5255001121   -1.6365233053   -1.7905043625
  -3.8229702580   -2.4737657828   -1.7905043625
  -2.7466320764   -2.6635532446   -1.7905043625
  -2.7189349226   -0.1509035383   -2.6305043625
  -3.8229702580   -0.5096263641   -2.6305043625
  -3.8229702580   -1.6704778135   -2.6305043625
  -2.7189349226   -2.0292006394   -2.6305043625
  -3.0240827843   -1.0900520888   -2.9513558119
   0.9019652195   -0.6030055185   -2.4982918577
   0.5281568920    0.4240244208   -2.4982918577
  -0.4183590199    0.9704956373   -2.4982918577
  -1.4946972015    0.7807081755   -2.4982918577
  -1.4946972015   -1.9867192124   -2.4982918577
  -0.4183590199   -2.1765066742   -2.4982918577
   0.5281568920   -1.6300354577   -2.4982918577
   0.2916694960   -0.6030055185   -3.3382918577
  -0.3906618661    0.3361430321   -3.3382918577
  -1.4946972015   -0.0225797938   -3.3382918577
  -1.4946972015   -1.1834312432   -3.3382918577
  -0.3906618661   -1.5421540690   -3.3382918577
  -0.6958097278   -0.6030055185   -3.6591433071
   2.5983550194    0.0516970588    0.2181794673
   2.2245466919    1.0787269981    0.2181794673
   1.2780307800    1.6251982146    0.2181794673
   2.2245466919   -0.9753328804    0.2181794673
   2.5983550194    0.0516970588   -0.8201176338
   2.2245466919    1.0787269981   -0.8201176338
   1.2780307800    1.6251982146   -0.8201176338
   2.2245466919   -0.9753328804   -0.8201176338
   1.9880592959    0.0516970588   -1.6601176338
   1.3057279338    0.9908456094   -1.6601176338
   1.3057279338   -0.8874514917   -1.6601176338
   1.0005800721    0.0516970588   -1.9809690832
   0.7008477413    2.6414735830    4.9102563868
   1.6727473170    2.6414735830    4.6884266509
   1.1867975291    3.4831633055    4.6884266509
   0.2148979535    3.4831633055    4.6884266509
  -0.2710518343    2.6414735830    4.6884266509
   2.4521502621    2.6414735830    4.0668735429
   2.1176812429    3.6708633770    4.0668735429
   1.2420299825    4.3070612574    4.0668735429
   0.1596655001    4.3070612574    4.0668735429
  -0.7159857602    3.6708633770    4.0668735429
  -1.0504547794    2.6414735830    4.0668735429
   2.8846862646    2.6414735830    3.1687032788
   2.6345407208    3.6563539488    3.1687032788
   1.9414094190    4.4387374534    3.1687032788
   0.9640803871    4.8093894647    3.1687032788
  -0.0735520715    4.6833980737    3.1687032788
  -0.9337788656    4.0896263898    3.1687032788
  -1.4195324034    3.1641003499    3.1687032788
   2.8846862646    2.6414735830    2.1718094947
   2.6345407208    3.6563539488    2.1718094947
   1.9414094190    4.4387374534    2.1718094947
   0.9640803871    4.8093894647    2.1718094947
  -0.0735520715    4.6833980737    2.1718094947
  -0.9337788656    4.0896263898    2.1718094947
  -1.4195324034    3.1641003499    2.1718094947
   2.4521502621    2.6414735830    1.2736392306
   2.1176812429    3.6708633770    1.2736392306
   1.2420299825    4.3070612574    1.2736392306
   0.1596655001    4.3070612574    1.2736392306
  -0.7159857602    3.6708633770    1.2736392306
   1.6727473170    2.6414735830    0.6520861227
   1.1867975291    3.4831633055    0.6520861227
   0.2148979535    3.4831633055    0.6520861227
   0.6466183136    1.4796321702    4.8952041984
   1.6879392875    1.4796321702    4.6575294813
  -0.3947026603    1.4796321702    4.6575294813
   1.1672788005    0.5778217533    4.6575294813
   2.5230138715    1.4796321702    3.9915797228
  -1.1537700399    2.0082738884    3.9915797228
   2.9864453028    1.4796321702    3.0292544399
   2.9864453028    1.4796321702    1.9611539569
  -1.4614929600    2.4948450532    1.9611539569
   2.5230138715    1.4796321702    0.9988286739
   2.2251427057    2.4940881985    0.9988286739
   1.1672788005    2.3814425871    0.3328789154
   0.1259578267    2.3814425871    0.3328789154
   0.5993572040    0.3180808792    4.7268144957
   1.6406781779    0.3180808792    4.4891397787
  -0.4419637699    0.3180808792    4.4891397787
   0.0786967170   -0.5837295377    4.4891397787
   1.1200176909   -0.5837295377    4.4891397787
   2.4757527619    0.3180808792    3.8231900202
   0.3323182736   -1.5392156775    3.8231900202
   1.3788400891   -1.3887485563    3.8231900202
   2.1778815961   -0.6963751492    3.8231900202
   2.9391841932    0.3180808792    2.8608647372
   0.0786967170   -1.9630817623    2.8608647372
   1.1200176909   -1.9630817623    2.8608647372
   2.0582154699   -1.5112695246    2.8608647372
   2.7074684776   -0.6971320038    2.8608647372
   2.9391841932    0.3180808792    1.7927642542
   1.1200176909   -1.9630817623    1.7927642542
   2.0582154699   -1.5112695246    1.7927642542
   2.7074684776   -0.6971320038    1.7927642542
   0.1530338336   -2.3105153525    1.9036366358
  -1.9460626430   -2.1891863447    3.2565285954
  -0.8995408275   -2.0387192235    3.2565285954
  -2.1996841995    1.9492728534    2.2942033124
  -3.1378819785    1.4974606157    2.2942033124
  -2.1996841995   -2.6130524295    2.2942033124
  -1.1583632257   -2.6130524295    2.2942033124
  -2.1996841995    1.9492728534    1.2261028294
  -1.1583632257   -2.6130524295    1.2261028294
  -3.8626267785    0.7118464227    2.3086573879
  -2.9008879366   -2.5635352782    2.3086573879
  -3.1545094932    1.5749239199    1.3463321050
  -4.0927072721    1.1231116822    1.3463321050
  -3.1545094932   -2.9874013630    1.3463321050
  -2.1131885193   -2.9874013630    1.3463321050
  -2.1131885193    1.5749239199    0.2782316220
  -3.1545094932    1.5749239199    0.2782316220
  -4.0927072721    1.1231116822    0.2782316220
  -3.1545094932   -2.9874013630    0.2782316220
  -2.8020923220   -3.0775231838    0.0007055580
  -1.7607713481   -3.0775231838    0.0007055580
  -2.8020923220    1.4848020992   -1.0673949249
  -3.7402901010    1.0329898614   -1.0673949249
  -2.8020923220   -3.0775231838   -1.0673949249
  -1.7607713481   -3.0775231838   -1.0673949249
  -2.5484707654    1.0609360144   -2.0297202079
  -3.5102096073    0.6217246019   -2.0297202079
  -1.4949281645    1.7602115054   -0.3974167507
  -0.4536071906   -2.8021137775   -0.3974167507
  -0.4536071906    1.7602115054   -1.4655172337
  -1.4949281645    1.7602115054   -1.4655172337
  -0.4536071906   -2.8021137775   -1.4655172337
   0.4845905883   -2.3503015398   -1.4655172337
  -1.2413066079    1.3363454206   -2.4278425167
  -2.2030454498    0.8971340082   -2.4278425167
  -0.5407427986   -2.4278364274    0.5511266175
   0.5005781753   -2.4278364274    0.5511266175
   1.4387759543   -1.9760241896    0.5511266175
   0.5005781753    2.1344888556   -0.5169738655
  -0.5407427986    2.1344888556   -0.5169738655
   0.5005781753   -2.4278364274   -0.5169738655
   1.4387759543   -1.9760241896   -0.5169738655
   0.7594005735    1.5601556496   -1.4792991485
  -1.9595709774   -0.2787944320    4.7293091867
  -0.9995709774   -0.2787944320    4.4720779620
  -1.4795709774    0.5525899556    4.4720779620
  -2.4395709774    0.5525899556    4.4720779620
  -2.9195709774   -0.2787944320    4.4720779620
  -2.4395709774   -1.1101788197    4.4720779620
  -1.4795709774   -1.1101788197    4.4720779620
  -1.4457471682    1.3025926468    3.7693091867
  -2.4733947867    1.3025926468    3.7693091867
  -3.3047791743    0.6985565320    3.7693091867
  -3.6223397527   -0.2787944320    3.7693091867
  -3.3047791743   -1.2561453961    3.7693091867
  -2.4733947867   -1.8601815108    3.7693091867
  -1.4457471682   -1.8601815108    3.7693091867
  -0.6143627805   -1.2561453961    3.7693091867
  -3.6223397527    0.6812055680    2.8093091867
  -4.1301009290   -0.1014610219    2.7877473472
  -4.6101009290   -0.9328454095    2.7877473472
  -4.1301009290   -1.7642297972    2.7877473472
  -4.1639247383    0.6485416693    2.0849785719
  -4.9953091259    0.0445055545    2.0849785719
  -5.3128697043   -0.9328454095    2.0849785719
  -4.9953091259   -1.9101963736    2.0849785719
  -4.1639247383   -2.5142324883    2.0849785719
  -4.6101009290    0.7299233657    1.1249785719
  -5.3128697043    0.0271545905    1.1249785719
  -5.5701009290   -0.9328454095    1.1249785719
  -5.3128697043   -1.8928454095    1.1249785719
  -4.6101009290   -2.5956141848    1.1249785719
  -4.9953091259    0.0445055545    0.1649785719
  -5.3128697043   -0.9328454095    0.1649785719
  -4.9953091259   -1.9101963736    0.1649785719
  -4.1639247383   -2.5142324883    0.1649785719
  -4.3692909812   -2.0674030529   -0.3113558119
  -4.6868515596   -0.1300520888   -1.2713558119
  -4.9440827843   -1.0900520888   -1.2713558119
  -4.6868515596   -2.0500520888   -1.2713558119
  -3.9840827843   -2.7528208641   -1.2713558119
  -3.0240827843   -3.0100520888   -1.2713558119
  -3.5379065936    0.4913349900   -2.2313558119
  -4.3692909812   -0.1127011247   -2.2313558119
  -4.6868515596   -1.0900520888   -2.2313558119
  -4.3692909812   -2.0674030529   -2.2313558119
  -3.5379065936   -2.6714391676   -2.2313558119
  -2.5102589751   -2.6714391676   -2.2313558119
  -2.5440827843   -0.2586677012   -2.9341245872
  -3.5040827843   -0.2586677012   -2.9341245872
  -3.9840827843   -1.0900520888   -2.9341245872
  -3.5040827843   -1.9214364764   -2.9341245872
  -2.5440827843   -1.9214364764   -2.9341245872
  -3.0240827843   -1.0900520888   -3.1913558119
   0.9669590474   -1.5630055185   -1.9791433071
   0.9669590474   -0.6030055185   -2.9391433071
   0.6493984691    0.3743454456   -2.9391433071
  -0.1819859186    0.9783815603   -2.9391433071
  -1.2096335371    0.9783815603   -2.9391433071
  -2.0410179247    0.3743454456   -2.9391433071
  -2.0410179247   -1.5803564826   -2.9391433071
  -1.2096335371   -2.1843925973   -2.9391433071
  -0.1819859186   -2.1843925973   -2.9391433071
   0.6493984691   -1.5803564826   -2.9391433071
   0.2641902722   -0.6030055185   -3.6419120824
  -0.2158097278    0.2283788691   -3.6419120824
  -1.1758097278    0.2283788691   -3.6419120824
  -1.6558097278   -0.6030055185   -3.6419120824
  -1.1758097278   -1.4343899061   -3.6419120824
  -0.2158097278   -1.4343899061   -3.6419120824
  -0.6958097278   -0.6030055185   -3.8991433071
   2.6633488473    0.0516970588    0.6590309168
   2.3457882690    1.0290480229    0.6590309168
   2.3457882690   -0.9256539052    0.6590309168
   2.9205800721    0.0516970588   -0.3009690832
   2.6633488473    1.0116970588   -0.3009690832
   1.9605800721    1.7144658341   -0.3009690832
   1.9605800721   -1.6110717164   -0.3009690832
   2.6633488473   -0.9083029412   -0.3009690832
   2.6633488473    0.0516970588   -1.2609690832
   2.3457882690    1.0290480229   -1.2609690832
   1.5144038813    1.6330841376   -1.2609690832
   1.5144038813   -1.5296900200   -1.2609690832
   2.3457882690   -0.9256539052   -1.2609690832
   1.9605800721    0.0516970588   -1.9637378585
   1.4805800721    0.8830814465   -1.9637378585
   1.4805800721   -0.7796873288   -1.9637378585
   0.7008477413    2.6414735830    5.1902563868
   1.7942347639    2.6414735830    4.9406979339
   1.2475412526    3.5883745208    4.9406979339
   0.1541542300    3.5883745208    4.9406979339
  -0.3925392812    2.6414735830    4.9406979339
   2.6710630772    2.6414735830    4.2414506874
   2.3582983530    3.7066524128    4.2414506874
   1.5193047707    4.4336444902    4.2414506874
   0.4204568645    4.5916349676    4.2414506874
  -0.5893689195    4.1304629845    4.2414506874
  -1.1895600299    3.1965473871    4.2414506874
   3.1576660800    2.6414735830    3.2310091403
   2.9143645786    3.7074471102    3.2310091403
   2.2326489205    4.5622915069    3.2310091403
   1.2475412526    5.0366943566    3.2310091403
   0.1541542300    5.0366943566    3.2310091403
  -0.8309534379    4.5622915069    3.2310091403
  -1.5126690959    3.7074471102    3.2310091403
  -1.7559705974    2.6414735830    3.2310091403
   3.1576660800    2.6414735830    2.1095036332
   2.9143645786    3.7074471102    2.1095036332
   2.2326489205    4.5622915069    2.1095036332
   1.2475412526    5.0366943566    2.1095036332
   0.1541542300    5.0366943566    2.1095036332
  -0.8309534379    4.5622915069    2.1095036332
  -1.5126690959    3.7074471102    2.1095036332
   2.6710630772    2.6414735830    1.0990620861
   2.3582983530    3.7066524128    1.0990620861
   1.5193047707    4.4336444902    1.0990620861
   0.4204568645    4.5916349676    1.0990620861
  -0.5893689195    4.1304629845    1.0990620861
  -1.1895600299    3.1965473871    1.0990620861
   1.2475412526    3.5883745208    0.3998148396
   0.1541542300    3.5883745208    0.3998148396
   0.6466183136    1.4796321702    5.1952041984
   1.6798635810    1.4796321702    4.9896789362
  -0.3866269538    1.4796321702    4.9896789362
   0.1299956799    0.5848155203    4.9896789362
   1.1632409473    0.5848155203    4.9896789362
   2.5558066228    1.4796321702    4.4043925076
  -1.1852344544    2.0175126740    4.4043925076
   3.1410930514    1.4796321702    3.5284494658
   3.3466183136    1.4796321702    2.4952041984
  -1.8478564242    2.5128774376    2.4952041984
   3.1410930514    1.4796321702    1.4619589310
  -1.6008257669    2.5619441966    1.4619589310
   2.5558066228    1.4796321702    0.5860158892
   2.2527297236    2.5118172984    0.5860158892
   1.1632409473    2.3744488201    0.0007294606
   0.5993572040    0.3180808792    5.0268144957
   1.6326024714    0.3180808792    4.8212892335
  -0.4338880634    0.3180808792    4.8212892335
   0.0827345703   -0.5767357707    4.8212892335
   1.1159798377   -0.5767357707    4.8212892335
   2.5085455132    0.3180808792    4.2360028049
   0.3276513785   -1.5716746459    4.2360028049
   1.3924626903   -1.4185778921    4.2360028049
   2.2054686139   -0.7141042490    4.2360028049
   3.0938319418    0.3180808792    3.3600597631
   0.0442843556   -2.1138521689    3.3600597631
   1.1544300524   -2.1138521689    3.3600597631
   2.1546367640   -1.6321780031    3.3600597631
   2.8468012845   -0.7642311472    3.3600597631
   3.2993572040    0.3180808792    2.3268144957
   0.5993572040   -2.3819191208    2.3268144957
   1.6326024714   -2.1763938586    2.3268144957
   2.5085455132   -1.5911074301    2.3268144957
   3.0938319418   -0.7151643882    2.3268144957
   3.0938319418    0.3180808792    1.2935692283
   2.1546367640   -1.6321780031    1.2935692283
   2.8468012845   -0.7642311472    1.2935692283
   0.1874461950   -2.4612857591    2.4028316617
  -0.3676266534   -2.7293527110    1.3695863943
   0.6656186140   -2.5238274488    1.3695863943
  -0.9226995018    2.4025803371    0.3363411270
  -0.8859182263   -2.0685485593    3.6693413801
  -2.2340965610    2.1000432600    2.7933983383
  -3.2343032726    1.6183690942    2.7933983383
  -3.9264677931    0.7504222383    2.7933983383
  -2.2340965610   -2.7638228362    2.7933983383
  -1.1239508642   -2.7638228362    2.7933983383
  -2.7122689800    2.1625849497    1.7601530709
  -0.6457784452   -2.8263645258    1.7601530709
  -2.2340965610    2.1000432600    0.7269078035
  -2.9055548317   -2.5959942466    2.7214701727
  -4.1891285662    1.2440201607    1.8455271309
  -3.1889218546   -3.1381717696    1.8455271309
  -2.0787761579   -3.1381717696    1.8455271309
  -3.6670942736    1.7882360162    0.8122818635
  -4.5430373154    1.2029495877    0.8122818635
  -3.6670942736   -3.2007134593    0.8122818635
  -2.6338490062   -3.4062387215    0.8122818635
  -1.6006037389   -3.2007134593    0.8122818635
  -4.1891285662    1.2440201607   -0.2209634039
  -4.8812930868    0.3760733048   -0.2209634039
  -2.2814318351    1.9036394577   -0.5333446835
  -3.3146771025    1.6981141955   -0.5333446835
  -4.1906201443    1.1128277669   -0.5333446835
  -3.3146771025   -3.2908352801   -0.5333446835
  -2.2814318351   -3.4963605423   -0.5333446835
  -1.2481865677   -3.2908352801   -0.5333446835
  -2.8365046835    1.6355725058   -1.5665899508
  -3.8367113951    1.1538983399   -1.5665899508
  -2.8365046835   -3.2282935904   -1.5665899508
  -1.7263589867   -3.2282935904   -1.5665899508
  -2.5531376605    1.0933949828   -2.4425329927
  -0.4191948292   -2.9528841841    0.1017782751
  -2.0075129449    1.9735236017   -0.9314669922
  -0.9742676776   -3.2209511360   -0.9314669922
   0.0589775898   -3.0154258738   -0.9314669922
  -0.4191948292    1.9109819120   -1.9647122596
  -1.5293405259    1.9109819120   -1.9647122596
  -0.4191948292   -2.9528841841   -1.9647122596
   0.5810118824   -2.4712100183   -1.9647122596
   1.2731764029   -1.6032631624   -1.9647122596
  -1.2459735030    1.3688043890   -2.8406553014
  -2.2245201350    0.9219171160   -2.8406553014
   0.5349905368   -2.5786068340    1.0503216434
   1.5351972484   -2.0969326681    1.0503216434
  -0.0200823116    2.5533262141    0.0170763760
  -1.0533275790    2.3478009519    0.0170763760
   1.0131629558   -2.6411485236    0.0170763760
   1.8891059976   -2.0558620951    0.0170763760
   0.5349905368    2.2852592622   -1.0161688914
  -0.5751551600    2.2852592622   -1.0161688914
   1.5351972484   -2.0969326681   -1.0161688914
   0.7730231747    1.5899849853   -1.8921119332
  -1.9595709774   -0.2787944320    4.9693091867
  -0.8795709774   -0.2787944320    4.6799240589
  -1.4195709774    0.6565130041    4.6799240589
  -2.4995709774    0.6565130041    4.6799240589
  -3.0395709774   -0.2787944320    4.6799240589
  -2.4995709774   -1.2141018681    4.6799240589
  -1.4195709774   -1.2141018681    4.6799240589
  -2.2257872304    1.5727802779    3.8893091867
  -3.1845632055    1.1349219614    3.8893091867
  -3.7544128036    0.2482186788    3.8893091867
  -3.7544128036   -0.8058075428    3.8893091867
  -3.1845632055   -1.6925108255    3.8893091867
  -2.2257872304   -2.1303691420    3.8893091867
  -1.1824894760   -1.9803655707    3.8893091867
  -4.1901009290    0.0024620265    2.9955934441
  -4.7301009290   -0.9328454095    2.9955934441
  -4.1901009290   -1.8681528456    2.9955934441
  -4.8750931571    0.4808709839    2.2049785719
  -5.4449427552   -0.4058322987    2.2049785719
  -5.4449427552   -1.4598585203    2.2049785719
  -4.8750931571   -2.3465618030    2.2049785719
  -3.9163171820   -2.7844201195    2.2049785719
  -5.2668841451    0.4994995323    1.1249785719
  -5.7473352547   -0.4159235747    1.1249785719
  -5.7473352547   -1.4497672444    1.1249785719
  -5.2668841451   -2.3651903513    1.1249785719
  -4.4160474850   -2.9524804937    1.1249785719
  -5.4449427552   -0.4058322987    0.0449785719
  -5.4449427552   -1.4598585203    0.0449785719
  -4.8750931571   -2.3465618030    0.0449785719
  -4.6408660004    0.3422928530   -1.2713558119
  -5.1213171100   -0.5731302540   -1.2713558119
  -5.1213171100   -1.6069739237   -1.2713558119
  -4.6408660004   -2.5223970306   -1.2713558119
  -3.7900293403   -3.1096871730   -1.2713558119
  -4.2490750124    0.3236643046   -2.3513558119
  -4.8189246105   -0.5630389780   -2.3513558119
  -4.8189246105   -1.6170651996   -2.3513558119
  -4.2490750124   -2.5037684822   -2.3513558119
  -3.2902990373   -2.9416267988   -2.3513558119
  -3.5640827843   -0.1547446527   -3.1419706841
  -4.1040827843   -1.0900520888   -3.1419706841
  -3.5640827843   -2.0253595249   -3.1419706841
  -2.4840827843   -2.0253595249   -3.1419706841
  -3.0240827843   -1.0900520888   -3.4313558119
   1.1748051443   -0.6030055185   -3.0591433071
   0.8778516420    0.4083252352   -3.0591433071
   0.0812717736    1.0985656202   -3.0591433071
  -0.9620259808    1.2485691915   -3.0591433071
  -1.9208019559   -2.0167219119   -3.0591433071
  -0.9620259808   -2.4545802285   -3.0591433071
   0.0812717736   -2.3045766572   -3.0591433071
   0.8778516420   -1.6143362721   -3.0591433071
   0.3841902722   -0.6030055185   -3.8497581793
  -0.1558097278    0.3323019176   -3.8497581793
  -1.2358097278    0.3323019176   -3.8497581793
  -1.7758097278   -0.6030055185   -3.8497581793
  -1.2358097278   -1.5383129546   -3.8497581793
  -0.1558097278   -1.5383129546   -3.8497581793
  -0.6958097278   -0.6030055185   -4.1391433071
   2.8711949442    0.0516970588    0.7790309168
   2.5742414419   -0.9596336948    0.7790309168
   3.1605800721    0.0516970588   -0.3009690832
   2.9131650875    1.0554991104   -0.3009690832
   2.2275999250    1.8293422092   -0.3009690832
   2.2275999250   -1.7259480915   -0.3009690832
   2.9131650875   -0.9521049928   -0.3009690832
   2.8711949442    0.0516970588   -1.3809690832
   2.5742414419    1.0630278125   -1.3809690832
   1.7776615735    1.7532681975   -1.3809690832
   1.7776615735   -1.6498740799   -1.3809690832
   2.5742414419   -0.9596336948   -1.3809690832
   2.0805800721    0.0516970588   -2.1715839554
   1.5405800721    0.9870044949   -2.1715839554
   1.5405800721   -0.8836103773   -2.1715839554
   0.7008477413    2.6414735830    5.4702563868
   1.7723613520    2.6414735830    5.2571190778
   1.2366045466    3.5694315903    5.2571190778
   0.1650909360    3.5694315903    5.2571190778
  -0.3706658693    2.6414735830    5.2571190778
   2.6807467287    2.6414735830    4.6501553741
   2.4154905613    3.6314230767    4.6501553741
   1.6907972350    4.3561164030    4.6501553741
   0.7008477413    4.6213725704    4.6501553741
  -0.2891017523    4.3561164030    4.6501553741
  -1.0137950786    3.6314230767    4.6501553741
  -1.2790512460    2.6414735830    4.6501553741
   3.2877104324    2.6414735830    3.7417699974
   3.0640644023    3.6936454301    3.7417699974
   2.4317967423    4.5638872061    3.7417699974
   1.5002322750    5.1017262021    3.7417699974
   0.4304469596    5.2141651696    3.7417699974
  -0.5925836042    4.8817623896    3.7417699974
  -1.3919681378    4.1619933225    3.7417699974
  -1.8294857933    3.1793125791    3.7417699974
   3.5008477413    2.6414735830    2.6702563868
   3.3117699837    3.6529502484    2.6702563868
   2.7700727095    4.5278213853    2.6702563868
   1.9489151375    5.1479307988    2.6702563868
   0.9591991478    5.4295292767    2.6702563868
  -0.0654086309    5.3345853839    2.6702563868
  -0.9865292405    4.8759218194    2.6702563868
  -1.6797602387    4.1154836391    2.6702563868
  -2.0514769378    3.1559722329    2.6702563868
   3.2877104324    2.6414735830    1.5987427761
   3.0640644023    3.6936454301    1.5987427761
   2.4317967423    4.5638872061    1.5987427761
   1.5002322750    5.1017262021    1.5987427761
   0.4304469596    5.2141651696    1.5987427761
  -0.5925836042    4.8817623896    1.5987427761
  -1.3919681378    4.1619933225    1.5987427761
  -1.8294857933    3.1793125791    1.5987427761
   2.4154905613    3.6314230767    0.6903573994
   1.6907972350    4.3561164030    0.6903573994
   0.7008477413    4.6213725704    0.6903573994
  -0.2891017523    4.3561164030    0.6903573994
  -1.0137950786    3.6314230767    0.6903573994
   1.2366045466    3.5694315903    0.0833936957
   0.1650909360    3.5694315903    0.0833936957
   0.6466183136    1.4796321702    5.4952041984
   1.6726787436    1.4796321702    5.3142820607
  -0.3794421164    1.4796321702    5.3142820607
   0.1335880986    0.5910377720    5.3142820607
   1.1596485286    0.5910377720    5.3142820607
   2.5749811427    1.4796321702    4.7933375277
  -1.2036322715    2.0229147605    4.7933375277
  -1.2036322715    0.9363495799    4.7933375277
   3.2446945250    1.4796321702    3.9952041984
  -1.8946836991    2.0198025882    3.9952041984
   3.6010415726    1.4796321702    3.0161487314
   3.6010415726    1.4796321702    1.9742596654
   3.2446945250    1.4796321702    0.9952041984
   3.0200790351    2.5363649669    0.9952041984
   2.2688603561    2.5221838265    0.1970708690
  -0.6161907839    2.9369915575    0.1970708690
   0.5993572040    0.3180808792    5.3268144957
   1.6254176340    0.3180808792    5.1458923581
  -0.4267032260    0.3180808792    5.1458923581
   0.0863269890   -0.5705135190    5.1458923581
   1.1123874190   -0.5705135190    5.1458923581
   2.5277200330    0.3180808792    4.6249478251
   0.3249225598   -1.5906539968    4.6249478251
   1.4004280737   -1.4360196488    4.6249478251
   2.2215992465   -0.7244707771    4.6249478251
   3.1974334153    0.3180808792    3.8268144957
   0.3277842902   -2.2657627989    3.8268144957
   1.4022069060   -2.1528364315    3.8268144957
   2.3378095147   -1.6126660135    3.8268144957
   2.9728179255   -0.7386519175    3.8268144957
   3.5537804630    0.3180808792    2.8477590287
   0.8719569913   -2.6237393311    2.8477590287
   1.9162569697   -2.3266103695    2.8477590287
   2.7827023377   -1.6723012000    2.8477590287
   3.3542748469   -0.7491799016    2.8477590287
   3.5537804630    0.3180808792    1.8058699627
   1.9162569697   -2.3266103695    1.8058699627
   2.7827023377   -1.6723012000    1.8058699627
   3.3542748469   -0.7491799016    1.8058699627
   3.1974334153    0.3180808792    0.8268144957
   2.9728179255   -0.7386519175    0.8268144957
  -0.0950268661   -2.9711729213    1.8905309273
   0.9492731124   -2.6740439596    1.8905309273
  -0.8779528429   -2.0859903160    4.0582864003
  -2.9780618183    1.9181102119    3.2601530709
  -2.9780618183   -2.5818897881    3.2601530709
  -1.9505966264   -2.9157334661    3.2601530709
  -0.8761740106   -2.8028070987    3.2601530709
  -2.4875400156    2.5097502633    2.2810976039
  -3.4594614990    2.0257908693    2.2810976039
  -1.4064239253   -3.2737099983    2.2810976039
  -0.3621239468   -2.9765810367    2.2810976039
  -2.4875400156    2.5097502633    1.2392085379
  -2.9054219201   -3.2900823996    2.3122818635
  -3.4423653093    2.1354013298    1.3332263965
  -4.4142867927    1.6514419359    1.3332263965
  -3.4423653093   -3.5478787729    1.3332263965
  -2.3612492190   -3.6480589318    1.3332263965
  -1.3169492405   -3.3509299701    1.3332263965
  -2.3612492190    2.2355814887    0.2913373305
  -3.4423653093    2.1354013298    0.2913373305
  -4.4142867927    1.6514419359    0.2913373305
  -5.1457502873    0.8490647048    0.2913373305
  -4.4142867927   -3.0639193789    0.2913373305
  -3.4423653093   -3.5478787729    0.2913373305
  -2.0088320478    2.1454596680   -0.0124001505
  -3.0899481381   -3.6380005936   -0.0124001505
  -2.0088320478   -3.7381807525   -0.0124001505
  -0.9645320693   -3.4410517909   -0.0124001505
  -3.0899481381    2.0452795091   -1.0542892165
  -4.0618696215    1.5613201151   -1.0542892165
  -4.7933331161    0.7589428840   -1.0542892165
  -3.0899481381   -3.6380005936   -1.0542892165
  -2.0088320478   -3.7381807525   -1.0542892165
  -2.5530047489    1.7874831358   -2.0333446835
  -3.5804699408    1.4536394577   -2.0333446835
  -2.5530047489   -3.3802042203   -2.0333446835
  -1.4785821331   -3.2672778529   -2.0333446835
  -3.5442409326    0.6609988450   -2.8314780128
  -2.7944620501    0.0922338559   -3.3524225458
  -1.7827839806    2.3206889153   -0.4105224592
  -0.7016678903   -3.4627713463   -0.4105224592
   0.3426320882   -3.1656423847   -0.4105224592
  -0.7016678903    2.4208690742   -1.4524115252
  -1.7827839806    2.3206889153   -1.4524115252
  -0.7016678903   -3.4627713463   -1.4524115252
   0.3426320882   -3.1656423847   -1.4524115252
   1.2090774561   -2.5113332151   -1.4524115252
   0.7641846331    1.4097957566   -2.4314669922
  -0.1714179756    1.9499661746   -2.4314669922
  -1.2458405914    2.0628925420   -2.4314669922
  -2.2733057832    1.7290488640   -2.4314669922
  -1.2458405914   -3.1047948141   -2.4314669922
  -0.1714179756   -2.9918684467   -2.4314669922
  -1.2487023217    1.3877837399   -3.2296003216
  -2.2370767751    0.9364082512   -3.2296003216
   0.2525174757   -3.0884939961    0.5380209090
   1.2968174541   -2.7913650345    0.5380209090
   2.1632628221   -2.1370558650    0.5380209090
   1.2968174541    2.4980174627   -0.5038681570
   0.2525174757    2.7951464244   -0.5038681570
  -0.8285986146    2.6949662655   -0.5038681570
   1.2968174541   -2.7913650345   -0.5038681570
   2.1632628221   -2.1370558650   -0.5038681570
   0.7827673904    2.3242435248   -1.4829236240
  -0.2916552254    2.4371698922   -1.4829236240
   1.7183699991   -2.0774206785   -1.4829236240
   0.7809885581    1.6074267421   -2.2810569533
  -1.9595709774   -0.2787944320    5.2093091867
  -0.9182500035   -0.2787944320    4.9716344697
  -1.4389104905    0.6230159848    4.9716344697
  -2.4802314644    0.6230159848    4.9716344697
  -3.0008919513   -0.2787944320    4.9716344697
  -2.4802314644   -1.1806048489    4.9716344697
  -1.4389104905   -1.1806048489    4.9716344697
  -2.2266099078    1.5785021247    4.3056847112
  -3.1883487497    1.1392907122    4.3056847112
  -3.7599593310    0.2498472861    4.3056847112
  -3.7599593310   -0.8074361502    4.3056847112
  -3.1883487497   -1.6968795763    4.3056847112
  -2.2266099078   -2.1360909887    4.3056847112
  -1.1800880923   -1.9856238675    4.3056847112
  -3.4184292433    1.5505559717    3.3433594282
  -4.0676822510    0.7364184509    3.3433594282
  -4.2993979667   -0.2787944320    3.3433594282
  -4.6914219029   -0.9328454095    3.2873038549
  -4.1707614160   -1.8346558264    3.2873038549
  -4.8788787013    0.4852397347    2.6213540964
  -5.4504892826   -0.4042036914    2.6213540964
  -5.4504892826   -1.4614871277    2.6213540964
  -4.8788787013   -2.3509305538    2.6213540964
  -3.9171398594   -2.7901419662    2.6213540964
  -5.1089591949    0.8965049942    1.6590288134
  -5.7582122026    0.0823674734    1.6590288134
  -5.9899279183   -0.9328454095    1.6590288134
  -5.7582122026   -1.9480582925    1.6590288134
  -5.1089591949   -2.7621958133    1.6590288134
  -4.1707614160   -3.2140080510    1.6590288134
  -5.7582122026    0.0823674734    0.5909283304
  -5.9899279183   -0.9328454095    0.5909283304
  -5.7582122026   -1.9480582925    0.5909283304
  -5.1089591949   -2.7621958133    0.5909283304
  -5.4504892826   -0.4042036914   -0.3713969525
  -5.4504892826   -1.4614871277   -0.3713969525
  -4.8788787013   -2.3509305538   -0.3713969525
  -5.3639097736   -1.0900520888   -0.7373055704
  -5.1321940579   -2.1052649718   -0.7373055704
  -4.4829410502   -2.9194024925   -0.7373055704
  -5.1321940579   -0.0748392058   -1.8054060534
  -5.3639097736   -1.0900520888   -1.8054060534
  -5.1321940579   -2.1052649718   -1.8054060534
  -4.4829410502   -2.9194024925   -1.8054060534
  -3.5447432713   -3.3712147303   -1.8054060534
  -4.2528605566    0.3280330554   -2.7677313364
  -4.8244711379   -0.5614103706   -2.7677313364
  -4.8244711379   -1.6186938070   -2.7677313364
  -4.2528605566   -2.5081372330   -2.7677313364
  -3.2911217147   -2.9473486455   -2.7677313364
  -3.5447432713   -0.1882416719   -3.4336810949
  -4.0654037582   -1.0900520888   -3.4336810949
  -3.5447432713   -1.9918625057   -3.4336810949
  -2.5034222974   -1.9918625057   -3.4336810949
  -3.0240827843   -1.0900520888   -3.6713558119
   0.7630485381   -2.4323559222   -2.5131935486
   1.4123015458   -1.6182184015   -2.5131935486
   1.1805858301   -0.6030055185   -3.4755188316
   0.8827146643    0.4114505098   -3.4755188316
   0.0836731573    1.1038239169   -3.4755188316
  -0.9628486582    1.2542910382   -3.4755188316
  -1.9245875001    0.8150796257   -3.4755188316
  -1.9245875001   -2.0210906627   -3.4755188316
  -0.9628486582   -2.4603020752   -3.4755188316
   0.0836731573   -2.3098349539   -3.4755188316
   0.8827146643   -1.6174615468   -3.4755188316
   0.3455112461   -0.6030055185   -4.1414685901
  -0.1751492409    0.2988048984   -4.1414685901
  -1.2164702148    0.2988048984   -4.1414685901
  -1.7371307017   -0.6030055185   -4.1414685901
  -1.2164702148   -1.5048159354   -4.1414685901
  -0.1751492409   -1.5048159354   -4.1414685901
  -0.6958097278   -0.6030055185   -4.3791433071
   3.3404070613    0.0516970588    0.2330811583
   3.1086913457    1.0669099418    0.2330811583
   3.1086913457   -0.9635158242    0.2330811583
   3.3404070613    0.0516970588   -0.8350193247
   3.1086913457    1.0669099418   -0.8350193247
   2.4594383380    1.8810474625   -0.8350193247
   1.5212405590    2.3328597003   -0.8350193247
   2.4594383380   -1.7776533449   -0.8350193247
   3.1086913457   -0.9635158242   -0.8350193247
   2.8769756300    0.0516970588   -1.7973446077
   2.5791044642    1.0661530871   -1.7973446077
   1.7800629572    1.7585264943   -1.7973446077
   2.5791044642   -0.9627589695   -1.7973446077
   2.0419010460    0.0516970588   -2.4632943662
   1.5212405590    0.9535074757   -2.4632943662
