  -0.0155516689
  -0.0151081349
  -0.0271702036
  -0.0273970784
  -0.0136067810
  -0.0135588669
  -0.0276371039
  -0.0317274042
  -0.0318965870
  -0.0270724580
  -0.0090874743
  -0.0110837805
  -0.0268882873
  -0.0318520963
  -0.0323442106
  -0.0307516811
  -0.0241784939
  -0.0046518732
  -0.0067649527
  -0.0255368458
  -0.0304126204
  -0.0291966822
  -0.0224408900
  -0.0018024743
  -0.0009764146
  -0.0204542133
  -0.0193926613
   0.0007162061
   0.0020992838
   0.0113877290
   0.0118733028
   0.0144225678
   0.0125964482
   0.0118052807
   0.0258098186
   0.0125224703
   0.0142224339
   0.0149414017
   0.0116095844
   0.0239114923
   0.0101223973
   0.0089066562
  -0.0028178407
  -0.0037434808
   0.0050113429
  -0.0139823006
  -0.0220288407
  -0.0060560407
  -0.0199317825
  -0.0284108464
  -0.0256701633
  -0.0083354389
  -0.0186743231
  -0.0249019478
  -0.0230624806
  -0.0012889900
  -0.0109856675
  -0.0105154063
   0.0103145518
  -0.0179469250
  -0.0132463213
  -0.0128917416
   0.0106436733
   0.0111765090
  -0.0034150719
  -0.0094477022
   0.0088704543
  -0.0068740667
  -0.0178393063
  -0.0140017962
  -0.0186904111
   0.0148502705
   0.0056498987
  -0.0018372017
  -0.0100128345
   0.0024366294
   0.0015567446
  -0.0126702978
  -0.0208976091
  -0.0047152152
   0.0128751501
  -0.0186377399
  -0.0145218457
  -0.0030729936
   0.0139088626
  -0.0002058381
  -0.0112436359
  -0.0089423834
   0.0002370835
  -0.0020213224
  -0.0161398219
  -0.0123802366
  -0.0091524855
   0.0041955807
  -0.0035867863
  -0.0038688896
   0.0038925987
  -0.0141622244
  -0.0071267997
   0.0041060953
  -0.0091590148
  -0.0176257736
  -0.0080096339
  -0.0069815929
  -0.0018779091
   0.0147926719
   0.0169177409
   0.0096834734
   0.0175456438
   0.0183780352
   0.0178045195
   0.0108952470
   0.0178556579
   0.0120601164
   0.0171652649
   0.0200344378
   0.0120301276
   0.0019281417
   0.0223256807
   0.0187897386
   0.0191222997
   0.0122332560
   0.0105600390
   0.0185948079
   0.0206534825
   0.0157405322
   0.0043563609
   0.0064802888
   0.0170580122
   0.0202100231
   0.0154903734
   0.0154136796
   0.0218175087
   0.0161849029
   0.0195365655
   0.0119870944
   0.0070024712
   0.0162688508
   0.0194540796
   0.0158572146
   0.0084196935
   0.0139957517
   0.0166792397
   0.0195852095
   0.0166748810
   0.0190151192
   0.0198257132
   0.0177203005
   0.0088051111
   0.0052730408
   0.0137519777
   0.0103927938
   0.0141865112
   0.0204595663
   0.0173911700
   0.0169862615
   0.0199428973
   0.0187993440
   0.0205630830
   0.0131499342
   0.0176732727
   0.0194387724
   0.0057153789
   0.0178325735
   0.0177347057
   0.0114518819
   0.0125637321
   0.0193049641
   0.0157712505
   0.0170743231
   0.0223668874
  -0.0115975498
  -0.0116611023
  -0.0204254990
  -0.0202214483
  -0.0099981833
  -0.0108077205
  -0.0212905840
  -0.0250401997
  -0.0249947593
  -0.0203545340
  -0.0068516234
  -0.0093040778
  -0.0205183995
  -0.0252129988
  -0.0264380888
  -0.0257282072
  -0.0221654987
  -0.0124857578
  -0.0068165961
  -0.0193952824
  -0.0246543552
  -0.0258379580
  -0.0247766125
  -0.0208751419
  -0.0112510314
  -0.0029474993
  -0.0176108964
  -0.0225167949
  -0.0218517707
  -0.0162628260
   0.0011715102
  -0.0132807200
  -0.0132131003
   0.0050595114
   0.0047316319
   0.0078375066
   0.0017170728
   0.0051499716
   0.0061836419
   0.0054936911
   0.0067245662
  -0.0003781686
   0.0114866900
   0.0017439257
   0.0075376241
   0.0037981388
  -0.0016252270
  -0.0030735539
   0.0042585594
  -0.0086763428
  -0.0142507113
  -0.0042695800
  -0.0153557866
  -0.0206485359
  -0.0176919206
  -0.0056672471
  -0.0136740999
  -0.0187292654
  -0.0210764853
  -0.0173788965
  -0.0039887256
  -0.0147430914
  -0.0155890503
  -0.0128967983
  -0.0144489498
   0.0002325421
  -0.0060968977
   0.0001854928
  -0.0002465617
  -0.0068140642
  -0.0122022417
  -0.0086025412
  -0.0180818271
   0.0076302737
   0.0002992352
  -0.0080949670
   0.0002828397
  -0.0012709870
  -0.0112238172
  -0.0148396520
  -0.0116134616
  -0.0031828614
  -0.0021384187
  -0.0053281933
  -0.0133104603
  -0.0106254587
  -0.0037436412
   0.0007780507
  -0.0064206514
  -0.0033673088
   0.0031315324
  -0.0140117141
  -0.0140788380
  -0.0048721259
  -0.0089611344
  -0.0044601969
  -0.0013026574
   0.0008532064
   0.0011753871
  -0.0192191491
  -0.0146688998
  -0.0084605112
   0.0015627040
  -0.0073740921
  -0.0105436920
  -0.0023634757
   0.0065102293
   0.0127016498
   0.0074594832
   0.0130304872
   0.0138198053
   0.0147792464
   0.0122621430
   0.0078011361
   0.0165026006
   0.0109375134
   0.0128694155
   0.0157819738
   0.0143239052
   0.0081170785
   0.0018666979
  -0.0034819502
   0.0104051798
   0.0160270157
   0.0164660423
   0.0143511284
   0.0081109143
   0.0135233622
   0.0164249067
   0.0155830451
   0.0106817232
   0.0057677383
   0.0127543135
   0.0162453679
   0.0161523594
   0.0122690733
   0.0106788624
   0.0159102090
   0.0161157338
   0.0108993910
   0.0160903956
   0.0107362108
   0.0154344306
   0.0153077726
   0.0111249800
   0.0042080062
   0.0054448796
   0.0114501934
   0.0153679836
   0.0155205728
   0.0124519131
   0.0086439105
   0.0142643297
   0.0127093557
   0.0155014212
   0.0154378619
   0.0149936142
   0.0158838319
   0.0100394511
   0.0162786434
   0.0151801214
   0.0102865342
   0.0070930305
   0.0096431339
   0.0173902455
   0.0119752819
   0.0111036219
   0.0134795007
   0.0165670103
   0.0150397443
   0.0138184154
   0.0160871526
   0.0161011654
   0.0158006930
   0.0165560035
   0.0062327841
   0.0137389627
   0.0001395943
   0.0119201967
   0.0134742169
   0.0123124321
   0.0018836562
   0.0081021092
   0.0144185026
   0.0141689510
   0.0103810254
   0.0067616705
   0.0116189105
   0.0158545070
   0.0141688236
   0.0156331954
  -0.0090648751
  -0.0093516715
  -0.0163803058
  -0.0159790469
  -0.0074165471
  -0.0087477881
  -0.0167105526
  -0.0201989317
  -0.0206701751
  -0.0181660250
  -0.0107768559
  -0.0074710920
  -0.0159993022
  -0.0202684792
  -0.0217631293
  -0.0215110234
  -0.0193368920
  -0.0137648222
  -0.0024612424
  -0.0052441923
  -0.0147505763
  -0.0195333029
  -0.0211351510
  -0.0207595103
  -0.0184479212
  -0.0130645540
  -0.0017094163
  -0.0128197723
  -0.0175834580
  -0.0181028444
  -0.0153579320
  -0.0087634776
  -0.0100019615
  -0.0104866069
   0.0017312175
   0.0010345666
   0.0041774132
   0.0022776559
   0.0001378813
   0.0011362510
   0.0033123063
   0.0014835128
   0.0023169107
  -0.0011617283
   0.0048050318
  -0.0036760901
   0.0106181938
   0.0025550047
   0.0057331357
  -0.0011996472
  -0.0027991972
   0.0033989751
  -0.0053929578
  -0.0095405417
  -0.0036494308
  -0.0112168567
  -0.0149029216
  -0.0125033760
  -0.0043943511
  -0.0112877530
  -0.0154074724
  -0.0165529025
  -0.0131023915
  -0.0039487776
  -0.0134645993
  -0.0145452484
  -0.0143947183
  -0.0110921840
   0.0000652358
  -0.0094946203
  -0.0059899521
  -0.0127065614
  -0.0149280887
  -0.0128753426
  -0.0048449240
  -0.0038916624
   0.0022589102
   0.0030824688
   0.0089869438
  -0.0026497029
  -0.0079117180
  -0.0047228328
  -0.0135768315
  -0.0095961048
   0.0020540529
   0.0024773757
   0.0002089969
  -0.0079375530
  -0.0055173217
   0.0012854768
   0.0026690046
  -0.0055699837
  -0.0124940381
  -0.0024985231
   0.0065059607
  -0.0118243193
  -0.0083256158
  -0.0018133731
   0.0018252500
  -0.0048074040
  -0.0097166890
  -0.0059793996
  -0.0006372064
   0.0038018632
  -0.0015010010
   0.0005281214
  -0.0139049557
  -0.0105183113
  -0.0078639119
  -0.0068428890
  -0.0008612527
  -0.0041774541
   0.0003723800
   0.0028344998
   0.0087754531
   0.0035768873
   0.0041070005
  -0.0133169997
  -0.0098931639
  -0.0014773578
  -0.0072694426
  -0.0084682522
  -0.0030104987
   0.0008831534
  -0.0058425674
   0.0008084774
   0.0065773960
   0.0098212256
   0.0048279534
   0.0101757402
   0.0108867702
   0.0119165788
   0.0096695147
   0.0054018292
   0.0086091758
   0.0093453922
   0.0122233859
   0.0134409429
   0.0102494839
   0.0046033382
  -0.0005908251
   0.0139880985
   0.0139673732
   0.0121334012
   0.0097549580
   0.0129160941
   0.0137534449
   0.0118226510
   0.0070042269
   0.0085997432
   0.0125416507
   0.0139077920
   0.0126270051
   0.0084429596
   0.0120576912
   0.0142613689
   0.0128465153
   0.0064648377
   0.0119268693
   0.0137189434
   0.0120387902
   0.0077108317
   0.0077450139
   0.0117451639
   0.0133526411
   0.0123059029
   0.0094781661
   0.0107783356
   0.0130215329
   0.0130352769
   0.0130920428
   0.0137255832
   0.0138042242
   0.0131655798
   0.0092886867
   0.0060333868
   0.0131690477
   0.0094322174
   0.0093366074
   0.0114629197
   0.0137844926
   0.0124791369
   0.0115222414
   0.0137136414
   0.0135963294
   0.0131308063
   0.0138024056
   0.0036112262
  -0.0015668934
   0.0091145921
   0.0104805827
   0.0097811131
   0.0015959374
   0.0061698663
   0.0115960302
   0.0114979131
   0.0089783234
   0.0061957284
   0.0096384059
   0.0133440256
   0.0119297219
   0.0136443079
  -0.0074049772
  -0.0078398974
  -0.0129035447
  -0.0124164214
  -0.0060211347
  -0.0075894065
  -0.0130779217
  -0.0160038605
  -0.0167538072
  -0.0154315374
  -0.0113715748
  -0.0037590104
  -0.0068243743
  -0.0128511073
  -0.0163860279
  -0.0179449513
  -0.0180572249
  -0.0167357046
  -0.0133318383
  -0.0067072321
  -0.0054612019
  -0.0117361059
  -0.0156670844
  -0.0176410242
  -0.0182262572
  -0.0177200736
  -0.0159716576
  -0.0124181726
  -0.0063495157
  -0.0032133374
  -0.0105321195
  -0.0148508977
  -0.0167228527
  -0.0168590242
  -0.0155114370
  -0.0124158796
  -0.0074040077
  -0.0083330883
  -0.0126740864
  -0.0139091076
  -0.0127750618
  -0.0095668567
  -0.0067605621
  -0.0077283079
  -0.0000888481
  -0.0009248049
   0.0020222410
   0.0011810681
  -0.0008256204
  -0.0010468114
   0.0016659944
   0.0080089237
  -0.0008173751
   0.0045959512
  -0.0002174760
   0.0012454401
   0.0045114423
  -0.0003979259
   0.0030631792
  -0.0055724020
  -0.0011512265
  -0.0027091959
   0.0024995854
  -0.0034894653
  -0.0067067905
  -0.0034515473
  -0.0081212734
  -0.0109031822
  -0.0091837842
  -0.0038923103
  -0.0099341958
  -0.0125829912
  -0.0126853115
  -0.0097120954
  -0.0037188674
  -0.0118121510
  -0.0127360288
  -0.0120952524
  -0.0090772988
  -0.0019112946
  -0.0107990514
  -0.0094245010
  -0.0065484705
   0.0032801035
  -0.0008232368
  -0.0115203047
  -0.0115406204
  -0.0025238590
   0.0034944863
   0.0039811188
  -0.0018454590
  -0.0060572021
  -0.0025341285
  -0.0005294120
  -0.0077323601
  -0.0105296462
  -0.0062492776
  -0.0005688257
  -0.0044516198
   0.0003861873
   0.0008888382
  -0.0052106477
  -0.0106016261
  -0.0094522658
  -0.0063912546
  -0.0013318265
   0.0047500682
   0.0075477725
   0.0008402815
  -0.0104068064
  -0.0009234108
  -0.0061852789
  -0.0101603400
  -0.0061475304
  -0.0019191503
   0.0039019649
   0.0020533976
  -0.0024387552
  -0.0033060530
  -0.0002200521
   0.0041761735
   0.0012952229
   0.0057194661
   0.0097449702
  -0.0092756498
  -0.0086132840
  -0.0078384119
  -0.0041347349
  -0.0061132504
  -0.0030236103
  -0.0021778480
   0.0006635333
   0.0078578691
   0.0023198448
  -0.0006769777
  -0.0011034579
   0.0036122411
   0.0033503738
   0.0049569515
   0.0055175409
  -0.0110520167
  -0.0079674496
  -0.0045911876
   0.0034744975
  -0.0021066764
  -0.0060648579
  -0.0042815161
   0.0002046339
   0.0024511656
  -0.0025069789
   0.0036045522
   0.0066424160
   0.0077302128
   0.0040586893
   0.0077643265
   0.0087424432
   0.0095891870
   0.0078447110
   0.0044758621
   0.0071259207
   0.0081671000
   0.0102292878
   0.0109117557
   0.0086270786
   0.0045000875
   0.0002352901
   0.0054272499
   0.0091671713
   0.0131415252
   0.0122694924
   0.0108828105
   0.0092289074
   0.0111931769
   0.0116562956
   0.0101392158
   0.0065861281
   0.0063813817
   0.0098251941
   0.0115909056
   0.0115992311
   0.0097342537
   0.0057919226
   0.0092687406
   0.0115739511
   0.0118807770
   0.0100882470
   0.0108795837
   0.0130543019
   0.0123060902
   0.0127898636
   0.0124423670
   0.0091338326
   0.0088077136
   0.0112338764
   0.0114743965
   0.0097788167
   0.0067063027
   0.0075218176
   0.0102543205
   0.0114505771
   0.0108328895
   0.0091041167
   0.0098717479
   0.0112506497
   0.0114214158
   0.0119899929
   0.0120928582
   0.0058300271
   0.0091814449
   0.0117512694
   0.0112139680
   0.0087076416
   0.0066620429
   0.0072070146
   0.0118843454
   0.0093587804
   0.0090956060
   0.0103848582
   0.0117445122
   0.0108311719
   0.0102866496
   0.0118602127
   0.0118265422
   0.0114089086
   0.0117763972
   0.0054377001
   0.0076493237
   0.0025424512
   0.0083159574
   0.0088346377
   0.0077413764
   0.0049281132
   0.0035920250
   0.0065230610
   0.0100539299
   0.0097687593
   0.0078248622
   0.0089507858
   0.0118372459
   0.0108005680
