   0.0070641956
  -0.0056249007
  -0.0043387815
   0.0073402143
   0.0168096006
  -0.0158473168
  -0.0151652407
  -0.0168731138
  -0.0141284860
  -0.0176058327
  -0.0136138020
  -0.0162608111
  -0.0060758468
  -0.0163337886
  -0.0059601743
  -0.0079922327
  -0.0061495840
  -0.0000089564
  -0.0009436477
  -0.0108105625
  -0.0146088234
  -0.0328863300
  -0.0222135376
  -0.0319407213
  -0.0384753350
  -0.0395691955
  -0.0422478487
  -0.0368197882
  -0.0493947258
  -0.0401703283
  -0.0416463600
  -0.0496712581
  -0.0534712806
  -0.0555362305
  -0.0557728931
  -0.0534660760
  -0.0560583883
  -0.0505964215
  -0.0522742586
  -0.0569490346
  -0.0586416459
  -0.0585141544
  -0.0582589855
  -0.0025609052
   0.0106390871
   0.0117669760
   0.0000177562
  -0.0091031037
  -0.0030926824
  -0.0051719400
  -0.0065311910
   0.0157668761
   0.0008661399
   0.0131713724
   0.0080933185
   0.0081328865
   0.0031196625
   0.0156191863
   0.0114297196
   0.0050550186
  -0.0008089003
   0.0085388670
   0.0080830048
  -0.0070697019
  -0.0036713864
  -0.0322967184
   0.0103333052
   0.0040876449
   0.0086067212
   0.0116211157
   0.0162644916
  -0.0011971803
   0.0049261153
   0.0078301916
   0.0086442903
  -0.0296523298
  -0.0056939146
  -0.0060456036
  -0.0347451236
   0.0123136160
   0.0118325116
   0.0039208223
   0.0059829795
   0.0134110711
   0.0159330024
   0.0098580993
   0.0104545132
   0.0149635138
   0.0165736221
   0.0146530744
   0.0282486331
   0.0226471698
   0.0352148636
   0.0330030956
   0.0177054789
   0.0096057189
   0.0247972664
   0.0362257286
   0.0348157663
   0.0235764127
   0.0099500988
  -0.0000384092
  -0.0112551044
   0.0010909614
   0.0069685098
   0.0110162269
  -0.0185041457
   0.0013992337
   0.0072772772
   0.0037432888
  -0.0123280452
  -0.0178868612
  -0.0002898076
   0.0374877000
   0.0219851697
   0.0232406797
   0.0239720648
   0.0110831363
   0.0172304178
   0.0194815871
   0.0178577743
   0.0147521241
   0.0076859826
   0.0133874004
   0.0160600882
   0.0146541890
   0.0128068592
   0.0121353204
   0.0106560632
   0.0098574167
   0.0056495706
  -0.0025896953
   0.0096398630
   0.0087597821
   0.0038484177
  -0.0086135469
   0.0059643514
  -0.0022157454
   0.0001727899
  -0.0047306364
  -0.0039207484
   0.0056174313
  -0.0014979397
   0.0131899458
   0.0140592378
   0.0125681542
   0.0103118927
  -0.0094588808
  -0.0091741747
  -0.0096803053
  -0.0079295911
  -0.0104658229
  -0.0088968041
  -0.0099816415
  -0.0028418116
  -0.0104581699
  -0.0062126577
  -0.0086682548
  -0.0061664866
  -0.0054007057
  -0.0008603806
  -0.0000470805
  -0.0019084457
  -0.0011463699
  -0.0006771842
  -0.0102302336
  -0.0073147299
  -0.0089650641
  -0.0157038655
  -0.0177912444
  -0.0318506326
  -0.0249006480
  -0.0279619946
  -0.0339619046
  -0.0362211793
  -0.0369377483
  -0.0377163556
  -0.0359650797
  -0.0345174677
  -0.0407757654
  -0.0330723745
  -0.0350996975
  -0.0412001829
  -0.0441202573
  -0.0453726416
  -0.0453706492
  -0.0438756006
  -0.0449934701
  -0.0400832236
  -0.0412338616
  -0.0456417327
  -0.0475050546
  -0.0473594631
  -0.0465285776
   0.0018780285
   0.0035755097
  -0.0048031040
   0.0009776646
   0.0096609786
   0.0004382167
  -0.0017750147
  -0.0065992667
   0.0166783528
   0.0128505332
  -0.0016344281
   0.0113478001
   0.0054778778
   0.0089688946
   0.0092499274
   0.0048351145
   0.0059629660
   0.0013597149
   0.0091133105
   0.0045616834
   0.0012198928
   0.0084408999
   0.0069229827
  -0.0007889122
  -0.0075550666
   0.0026974789
   0.0023241615
  -0.0135062413
  -0.0171905067
  -0.0089442389
   0.0044709515
   0.0077291276
   0.0107627872
  -0.0001856647
   0.0026045552
   0.0055687872
   0.0074733126
   0.0091839818
  -0.0140789453
  -0.0045673948
   0.0005826001
   0.0023818757
   0.0023117373
  -0.0199801770
  -0.0101254725
  -0.0137057485
   0.0093094579
   0.0091943521
   0.0042902417
   0.0032086322
   0.0079231363
   0.0115205781
   0.0120275972
   0.0080409374
   0.0019202426
   0.0058519950
   0.0101563448
   0.0126055426
   0.0130899566
   0.0115142838
   0.0124871713
   0.0135910584
   0.0131598284
   0.0112783414
   0.0209744221
   0.0173897728
   0.0263221532
   0.0274958890
   0.0207437030
   0.0071661456
   0.0102740017
   0.0208873978
   0.0285175728
   0.0297215808
   0.0246721912
   0.0159747446
   0.0035587966
  -0.0014708437
   0.0039272223
  -0.0137313075
  -0.0013781359
   0.0043821411
   0.0072375547
  -0.0161953110
  -0.0017726782
   0.0035875734
   0.0030222960
  -0.0044764294
  -0.0169883324
  -0.0143794141
  -0.0030285329
   0.0223163253
   0.0211458722
   0.0220600168
   0.0109081570
   0.0151716315
   0.0170139862
   0.0168491982
   0.0156423102
   0.0065515058
   0.0112125305
   0.0139320661
   0.0146006805
   0.0134564879
   0.0095293236
   0.0118487082
   0.0119137595
   0.0086043270
   0.0091691560
   0.0065477609
   0.0010320937
   0.0087713506
   0.0078040346
   0.0055586223
   0.0005915622
  -0.0082786119
   0.0077249507
   0.0063547500
   0.0035241420
  -0.0035928174
  -0.0195903889
   0.0042011293
   0.0004668704
  -0.0089387714
  -0.0015125906
  -0.0028406565
  -0.0023317169
   0.0041356263
  -0.0020839374
   0.0013047961
   0.0089936128
   0.0079419789
   0.0094991835
   0.0094972008
   0.0053271024
  -0.0052797370
  -0.0052307912
  -0.0045804508
  -0.0028928713
  -0.0059908234
  -0.0053085014
  -0.0058274743
  -0.0048865057
  -0.0046484751
  -0.0037908773
  -0.0055885148
  -0.0043811427
  -0.0016943678
  -0.0046574533
  -0.0040659021
  -0.0056496164
  -0.0093601091
  -0.0143466741
  -0.0138584659
  -0.0248952779
  -0.0196248984
  -0.0246517647
  -0.0277482896
  -0.0281739462
  -0.0283550410
  -0.0284780359
  -0.0269763040
  -0.0265441320
  -0.0326147184
  -0.0261704054
  -0.0305984426
  -0.0345223954
  -0.0362087054
  -0.0367944669
  -0.0364645851
  -0.0352184398
  -0.0364239695
  -0.0312560442
  -0.0322977870
  -0.0369403378
  -0.0389808345
  -0.0388461039
  -0.0378123664
   0.0035586563
   0.0047522046
  -0.0018291576
   0.0046891711
   0.0150578267
   0.0109477514
   0.0033265896
  -0.0013837813
  -0.0042656402
  -0.0003243067
   0.0008173456
  -0.0066744506
   0.0172171401
   0.0117375479
  -0.0009981360
   0.0046340101
   0.0092366073
   0.0066658682
   0.0067241859
   0.0053057628
  -0.0219551924
   0.0026972870
  -0.0029707773
   0.0046257655
   0.0073419251
   0.0028281414
   0.0000115923
   0.0063508833
   0.0049087375
  -0.0025887388
  -0.0083797740
   0.0003558308
   0.0010299430
   0.0002777330
  -0.0150697992
  -0.0182282485
  -0.0103772367
   0.0012769609
   0.0046910830
   0.0072105609
  -0.0003925787
   0.0023515940
   0.0045191966
   0.0060638284
   0.0078321256
  -0.0099645656
  -0.0035254900
  -0.0003195555
   0.0007544314
  -0.0215992106
  -0.0115880950
  -0.0147912421
   0.0074190277
   0.0073593020
   0.0030114460
   0.0020534775
   0.0062755129
   0.0093741864
   0.0097908840
   0.0065111182
   0.0015449496
   0.0065896094
   0.0093069868
   0.0106802341
   0.0106810845
   0.0092929359
   0.0108043079
   0.0112889000
   0.0107823750
   0.0161376637
   0.0130716597
   0.0211908893
   0.0222372768
   0.0161545343
   0.0073862760
   0.0161728518
   0.0227902002
   0.0250065790
   0.0223134668
   0.0163439814
   0.0083297498
  -0.0024760424
   0.0028093314
  -0.0133028862
  -0.0029193263
   0.0026099944
   0.0055444033
  -0.0156386889
  -0.0035108900
   0.0019539415
   0.0016566798
  -0.0054490052
  -0.0180527254
  -0.0158449205
  -0.0045564869
   0.0188203600
   0.0198862422
   0.0091779825
   0.0127669259
   0.0144635066
   0.0147944253
   0.0142506959
   0.0091312825
   0.0114953624
   0.0123985265
   0.0120103382
   0.0107909628
   0.0077026432
   0.0097386404
   0.0102443962
   0.0091327737
   0.0069611439
   0.0034776630
   0.0084476495
   0.0070306635
   0.0054000789
   0.0022090224
  -0.0036740727
   0.0056040955
   0.0036800915
  -0.0005130440
  -0.0096833677
   0.0030754452
  -0.0008046627
  -0.0103537906
  -0.0011899996
  -0.0008602752
   0.0034922322
  -0.0010335634
  -0.0014139232
   0.0030421531
   0.0061036139
   0.0066653574
  -0.0004041681
  -0.0008728636
   0.0081064126
   0.0086253834
   0.0083958881
   0.0075045735
   0.0060333956
   0.0061322537
   0.0012533240
   0.0014939250
  -0.0025586102
  -0.0026079044
  -0.0019567855
  -0.0008492283
  -0.0030223081
  -0.0029619961
  -0.0032841629
   0.0040700807
   0.0003386369
  -0.0033935943
  -0.0027115049
  -0.0037544761
  -0.0021889021
  -0.0024875848
  -0.0033586891
  -0.0017248769
  -0.0031065359
  -0.0027146688
  -0.0080931348
  -0.0059560240
  -0.0087775959
  -0.0110034561
  -0.0149643254
  -0.0162738711
  -0.0168670799
  -0.0228858194
  -0.0186288169
  -0.0205854049
  -0.0242769168
  -0.0257403110
  -0.0259996381
  -0.0261277962
  -0.0258513151
  -0.0251192950
  -0.0245204251
  -0.0276903704
  -0.0230579082
  -0.0240661858
  -0.0280041792
  -0.0301361543
  -0.0310353716
  -0.0312426952
  -0.0308433888
  -0.0298202983
  -0.0302639650
  -0.0261416646
  -0.0268102132
  -0.0306547783
  -0.0325211811
  -0.0324037933
  -0.0312491719
  -0.0000579845
   0.0060152256
   0.0134259360
   0.0194527710
   0.0140228994
   0.0078074288
   0.0022020678
  -0.0023223406
   0.0014416927
   0.0043351465
  -0.0000878917
  -0.0045032176
   0.0171325969
   0.0105612433
   0.0045529747
   0.0092825186
  -0.0013291607
   0.0031285703
   0.0075715314
   0.0056274683
   0.0072317445
   0.0072749867
   0.0062634506
   0.0048224157
   0.0048344254
   0.0035259891
  -0.0198067465
   0.0011203947
  -0.0037925702
   0.0028016346
   0.0004447275
   0.0062006133
   0.0046307838
  -0.0000285418
  -0.0027875140
   0.0038089933
   0.0030562037
   0.0019021630
  -0.0062317240
  -0.0131497192
  -0.0025039385
  -0.0031733482
  -0.0181929078
  -0.0134657622
   0.0041172185
  -0.0008926393
   0.0013913882
   0.0033944301
   0.0050469282
   0.0066812902
  -0.0052191795
  -0.0022886797
   0.0003204320
   0.0020605912
   0.0031782806
  -0.0152480494
  -0.0074023499
  -0.0038967959
  -0.0028599470
  -0.0147898138
  -0.0179797449
   0.0061398260
   0.0061630565
   0.0030667683
   0.0024452921
   0.0053730506
   0.0076925587
   0.0080007780
   0.0056332863
   0.0019347797
   0.0020668771
   0.0056923173
   0.0078207762
   0.0088810701
   0.0088822892
   0.0078103764
   0.0081525655
   0.0090889494
   0.0093060125
   0.0087785772
   0.0074927056
   0.0128190764
   0.0106989826
   0.0170897652
   0.0179236509
   0.0131109649
   0.0070699949
   0.0141814539
   0.0190663603
   0.0207162039
   0.0188124415
   0.0143168771
   0.0077402735
  -0.0033581411
   0.0015451053
  -0.0131945001
  -0.0039916975
   0.0011380175
   0.0037759412
  -0.0146087594
  -0.0046363047
   0.0002265427
   0.0000182501
  -0.0059362421
  -0.0157703381
  -0.0143119348
  -0.0054128928
   0.0179798085
   0.0191822438
   0.0123428548
   0.0135274819
   0.0139389648
   0.0140194818
   0.0086861075
   0.0106461599
   0.0115590597
   0.0115933663
   0.0110156999
   0.0067459204
   0.0087849731
   0.0097842471
   0.0098410432
   0.0092292723
   0.0078468273
   0.0083697684
   0.0068899415
   0.0034943494
   0.0074606371
   0.0059238981
   0.0037814243
   0.0003036565
   0.0059597858
   0.0045512166
   0.0022571976
  -0.0019334517
  -0.0101345757
   0.0040322361
   0.0019481469
  -0.0021579943
  -0.0107401601
   0.0016872123
  -0.0019912726
  -0.0101190087
