   1.2481980308   -2.3707045235    2.6821327291
   0.9594932368   -1.3874662908    2.6821327291
  -2.3154404260   -1.8583306658    2.6821327291
  -2.3154404260   -2.8830783812    2.6821327291
  -0.3173282886   -4.4553931591    1.6321327291
  -0.7591459088   -0.9633170965    3.7408268081
   0.2208540912   -0.9633170965    3.4782365996
  -0.2691459088   -0.1146122007    3.4782365996
  -1.2491459088   -0.1146122007    3.4782365996
  -1.7391459088   -0.9633170965    3.4782365996
   0.9382638827   -0.9633170965    2.7608268081
   0.6140874589    0.0343953460    2.7608268081
  -2.1323792764    0.0343953460    2.7608268081
  -2.4565557002   -0.9633170965    2.7608268081
   1.2008540912   -0.9633170965    1.7808268081
   0.9382638827    0.0166829035    1.7808268081
  -2.7191459088   -0.9633170965    1.7808268081
   1.2119646161   -0.3008804796    0.6053168477
  -2.9270132005   -0.8034433746    0.6053168477
   0.6419131700    0.6823577531   -0.4446831523
  -2.6330204927    0.2114933781   -0.4446831523
   1.1038037590   -0.8122205016   -0.5032282231
   0.8412135504    0.1677794984   -0.5032282231
  -2.8161962410   -0.8122205016   -0.5032282231
  -2.5536060324   -1.7922205016   -0.5032282231
  -1.8361962410   -2.5096302930   -0.5032282231
  -0.8561962410   -2.7722205016   -0.5032282231
   0.8412135504   -1.7922205016   -0.5032282231
   0.8412135504   -0.8122205016   -1.4832282231
   0.5170371267    0.1854919409   -1.4832282231
  -2.2294296087    0.1854919409   -1.4832282231
  -2.5536060324   -0.8122205016   -1.4832282231
  -2.2294296087   -1.8099329441   -1.4832282231
  -1.3807247130   -2.4265531445   -1.4832282231
  -0.3316677690   -2.4265531445   -1.4832282231
   0.5170371267   -1.8099329441   -1.4832282231
   0.1238037590   -0.8122205016   -2.2006380146
  -0.3661962410    0.0364843941   -2.2006380146
  -1.3461962410    0.0364843941   -2.2006380146
  -1.8361962410   -0.8122205016   -2.2006380146
  -1.3461962410   -1.6609253973   -2.2006380146
  -0.3661962410   -1.6609253973   -2.2006380146
  -0.8561962410   -0.8122205016   -2.4632282231
   0.7552336999    1.0236201257    1.9112999525
   0.4665289060    2.0068583584    1.9112999525
  -2.8084047568    1.5359939834    1.9112999525
  -2.8084047568    0.5112462680    1.9112999525
   1.0365803520    1.0236201257    0.8612999525
   0.7960380059    1.9995387870    0.8612999525
  -3.1023974646    0.5210572307    0.8612999525
   0.7552336999    1.0236201257   -0.1887000475
  -2.4421559781    3.3706153048    0.8713130804
   0.8488086881    1.9961688111   -0.1786869196
  -1.5100126690    3.7963108903   -1.2286869196
  -1.7761913119    2.9054954851   -1.9973402675
   1.9471398645   -2.5785668495    1.5955138435
   1.5733315370   -1.5515369103    1.5955138435
   0.6268156251   -4.1520680053    1.5955138435
   1.5733315370   -3.6055967888    1.5955138435
   1.9471398645   -2.5785668495    0.5572167424
   1.5733315370   -1.5515369103    0.5572167424
   0.6268156251   -4.1520680053    0.5572167424
   1.5733315370   -3.6055967888    0.5572167424
   1.3368441410   -2.5785668495   -0.2827832576
   0.6545127789   -3.5177154001   -0.2827832576
   0.3493649172   -2.5785668495   -0.6036347071
  -2.2337722203   -3.4044243301    2.4958794775
  -2.9363020743   -2.2775273888    1.6558794775
  -2.9363020743   -3.3704698218    1.6558794775
  -2.2337722203   -4.2077122993    1.6558794775
  -1.1574340386   -4.3974997611    1.6558794775
  -2.9363020743   -2.2775273888    0.6175823764
  -2.9363020743   -3.3704698218    0.6175823764
  -2.2337722203   -4.2077122993    0.6175823764
  -1.1574340386   -4.3974997611    0.6175823764
  -2.2337722203   -2.2435728806   -0.2224176236
  -2.2337722203   -3.4044243301   -0.2224176236
  -1.1297368848   -3.7631471559   -0.2224176236
  -1.4348847466   -2.8239986053   -0.5432690731
  -0.4766467782   -2.8070277045    4.3104724305
   0.5108324456   -2.8070277045    3.9896209811
  -0.1714989165   -1.8678791540    3.9896209811
  -1.2755342519   -2.2266019798    3.9896209811
  -1.2755342519   -3.3874534293    3.9896209811
  -0.1714989165   -3.7461762551    3.9896209811
   1.1211281692   -2.8070277045    3.1496209811
  -1.9780641060   -3.3534989210    3.1496209811
  -1.2755342519   -4.1907413985    3.1496209811
  -0.1991960703   -4.3805288603    3.1496209811
   0.7473198416   -3.8340576438    3.1496209811
  -1.0956897848    1.2910054389    3.5147033345
  -0.1082105610    1.2910054389    3.1938518850
  -0.7905419231    2.2301539895    3.1938518850
  -1.8945772585    1.8714311636    3.1938518850
  -1.8945772585    0.7105797142    3.1938518850
   0.5020851626    1.2910054389    2.3538518850
   0.1282768350    2.3180353782    2.3538518850
  -0.8182390769    2.8645065947    2.3538518850
  -1.8945772585    2.6747191329    2.3538518850
  -2.5971071125    1.8374766554    2.3538518850
  -2.5971071125    0.7445342224    2.3538518850
   0.9362685970    1.7338736471   -0.5419675547
   0.5624602694    0.7068437079   -0.5419675547
   0.9362685970    1.7338736471   -1.5802646558
   0.5624602694    2.7609035864   -1.5802646558
  -0.3840556425    3.3073748029   -1.5802646558
   0.5624602694    0.7068437079   -1.5802646558
   0.3259728734    1.7338736471   -2.4202646558
  -0.3563584887    2.6730221977   -2.4202646558
  -1.4603938241    2.3142993718   -2.4202646558
  -1.4603938241    1.1534479224   -2.4202646558
  -0.3563584887    0.7947250966   -2.4202646558
  -0.6615063504    1.7338736471   -2.7411161052
  -0.9430793241    2.9739206607    1.8787541806
   0.0443998997    2.9739206607    1.5579027311
  -0.6379314624    3.9130692113    1.5579027311
  -1.7419667978    3.5543463854    1.5579027311
   0.6546956232    2.9739206607    0.7179027311
   0.2808872956    4.0009505999    0.7179027311
  -0.6656286162    4.5474218164    0.7179027311
  -1.7419667978    4.3576343547    0.7179027311
  -2.4444966519    3.5203918772    0.7179027311
   0.6546956232    2.9739206607   -0.3203943700
   0.2808872956    4.0009505999   -0.3203943700
  -0.6656286162    4.5474218164   -0.3203943700
  -1.7419667978    4.3576343547   -0.3203943700
  -0.6379314624    3.9130692113   -1.1603943700
  -3.1102898955    2.6020453474    0.9157874145
  -3.1102898955    3.4053333166    0.0757874145
  -3.8128197495    2.5680908392    0.0757874145
  -3.8128197495    1.4751484062    0.0757874145
  -3.1102898955    0.6379059287    0.0757874145
  -3.1102898955    3.4053333166   -0.9625096866
  -3.8128197495    2.5680908392   -0.9625096866
  -3.8128197495    1.4751484062   -0.9625096866
  -3.1102898955    0.6379059287   -0.9625096866
  -3.1102898955    2.6020453474   -1.8025096866
  -3.1102898955    1.4411938979   -1.8025096866
  -2.3114024218    2.0216196227   -2.1233611360
   1.0080690749   -1.3562484952    3.1285082535
  -2.3708436707   -1.8420628053    3.1285082535
  -2.3708436707   -2.8993462417    3.1285082535
   1.5376559564   -1.3554916405    2.1661829706
  -1.0911158041   -4.6518671650    2.1661829706
  -0.0497948302   -4.6518671650    2.1661829706
   0.8884029487   -4.2000549272    2.1661829706
  -0.0497948302   -4.6518671650    1.0980824876
  -0.7591459088   -0.9633170965    4.0208268081
   0.2127536669   -0.9633170965    3.7989970722
  -0.2731961209   -0.1216273740    3.7989970722
  -1.2450956966   -0.1216273740    3.7989970722
  -1.7310454844   -0.9633170965    3.7989970722
   0.9921566120   -0.9633170965    3.1774439643
   0.6576875928    0.0660726975    3.1774439643
  -2.1759794103    0.0660726975    3.1774439643
  -2.5104484295   -0.9633170965    3.1774439643
   1.4246926145   -0.9633170965    2.2792737002
   1.1745470707    0.0515632693    2.2792737002
  -2.8795260535   -0.4406903296    2.2792737002
  -2.8795260535   -1.4859438634    2.2792737002
   1.4246926145   -0.9633170965    1.2823799161
  -2.8795260535   -1.4859438634    1.2823799161
   1.4517916053   -0.3008804796    1.1393670892
  -3.2278623732   -0.3008804796    1.1393670892
  -2.9961466575   -1.3160933626    1.1393670892
   1.4517916053   -0.3008804796    0.0712666062
   1.2200758897    0.7143324033    0.0712666062
  -3.2278623732   -0.3008804796    0.0712666062
  -2.9961466575   -1.3160933626    0.0712666062
  -2.9765763858   -1.3348472685   -0.0047813311
   1.3276422823   -0.8122205016   -1.0016751152
   1.0774967385    0.2026598642   -1.0016751152
  -2.9765763858   -0.2895937347   -1.0016751152
  -2.9765763858   -1.3348472685   -1.0016751152
  -2.4908228480   -2.2603733083   -1.0016751152
  -1.6305960539   -2.8541449923   -1.0016751152
  -0.5929635952   -2.9801363832   -1.0016751152
   0.3843654366   -2.6094843720   -1.0016751152
   1.0774967385   -1.8271008674   -1.0016751152
   0.8951062797   -0.8122205016   -1.8998453793
   0.5606372606    0.2171692924   -1.8998453793
  -2.2730297426    0.2171692924   -1.8998453793
  -2.6074987617   -0.8122205016   -1.8998453793
  -2.2730297426   -1.8416102956   -1.8998453793
  -1.3973784822   -2.4778081759   -1.8998453793
  -0.3150139998   -2.4778081759   -1.8998453793
   0.5606372606   -1.8416102956   -1.8998453793
   0.1157033346   -0.8122205016   -2.5213984872
  -0.3702464532    0.0294692208   -2.5213984872
  -1.3421460288    0.0294692208   -2.5213984872
  -1.8280958166   -0.8122205016   -2.5213984872
  -1.3421460288   -1.6539102240   -2.5213984872
  -0.3702464532   -1.6539102240   -2.5213984872
  -0.8561962410   -0.8122205016   -2.7432282231
   0.8129759099    1.0236201257    2.3576754770
  -2.8638080016    0.4949784075    2.3576754770
   1.2764073412    1.0236201257    1.3953501940
   1.0446916256    2.0388330087    1.3953501940
  -3.1715309216    2.0388330087    1.3953501940
  -3.4032466372    1.0236201257    1.3953501940
  -3.1715309216    0.0084072427    1.3953501940
   1.2764073412    1.0236201257    0.3272497110
  -2.4799690841    3.4142539554    1.3176886049
  -3.0515796654    2.5248105293    1.3176886049
   1.0886356773    1.9961688111    0.3553633219
  -2.7100495778    3.8255192149    0.3553633219
   0.8569199617    3.0113816941   -0.7127371611
  -0.4717084268    3.7029982466   -1.6750624440
  -1.5182302423    3.8534653678   -1.6750624440
  -1.7718517988    2.8979792280   -2.3410122026
   2.0121336924   -2.5785668495    2.0363652929
   1.6945731141   -1.6012158854    2.0363652929
   1.6945731141   -3.5559178136    2.0363652929
   2.2693649172   -2.5785668495    1.0763652929
   2.0121336924   -1.6185668495    1.0763652929
   1.3093649172   -4.2413356248    1.0763652929
   2.0121336924   -3.5385668495    1.0763652929
   2.0121336924   -2.5785668495    0.1163652929
   1.6945731141   -1.6012158854    0.1163652929
   0.8631887264   -4.1599539283    0.1163652929
   1.6945731141   -3.5559178136    0.1163652929
   1.3093649172   -2.5785668495   -0.5864034824
  -0.1306350828   -3.4099512372   -0.5864034824
   0.8293649172   -3.4099512372   -0.5864034824
  -3.0976535218   -2.8239986053    2.0967309269
  -2.7800929435   -3.8013495694    2.0967309269
  -1.9487085559   -4.4053856841    2.0967309269
  -3.0976535218   -1.8639986053    1.1367309269
  -3.3548847466   -2.8239986053    1.1367309269
  -3.0976535218   -3.7839986053    1.1367309269
  -2.3948847466   -4.4867673806    1.1367309269
  -1.4348847466   -4.7439986053    1.1367309269
  -2.7800929435   -1.8466476413    0.1767309269
  -3.0976535218   -2.8239986053    0.1767309269
  -2.7800929435   -3.8013495694    0.1767309269
  -1.9487085559   -4.4053856841    0.1767309269
  -0.9210609373   -4.4053856841    0.1767309269
  -2.3948847466   -2.8239986053   -0.5260378483
  -1.9148847466   -3.6553829930   -0.5260378483
  -0.9548847466   -3.6553829930   -0.5260378483
  -0.4766467782   -2.8070277045    4.5504724305
   0.4833532218   -2.8070277045    4.2932412058
   0.0033532218   -1.9756433169    4.2932412058
  -0.9566467782   -1.9756433169    4.2932412058
  -1.4366467782   -2.8070277045    4.2932412058
  -0.9566467782   -3.6384120922    4.2932412058
   0.0033532218   -3.6384120922    4.2932412058
   1.1861219970   -2.8070277045    3.5904724305
   0.8685614187   -1.8296767405    3.5904724305
  -2.1394155535   -2.8070277045    3.5904724305
  -1.8218549751   -3.7843786686    3.5904724305
  -0.9904705875   -4.3884147833    3.5904724305
   0.0371770310   -4.3884147833    3.5904724305
   0.8685614187   -3.7843786686    3.5904724305
  -1.4366467782   -4.4697964798    2.6304724305
  -0.4766467782   -4.7270277045    2.6304724305
   0.4833532218   -4.4697964798    2.6304724305
   1.1861219970   -3.7670277045    2.6304724305
  -1.0956897848    1.2910054389    3.7547033345
  -0.1356897848    1.2910054389    3.4974721097
  -0.6156897848    2.1223898265    3.4974721097
  -1.5756897848    2.1223898265    3.4974721097
  -2.0556897848    1.2910054389    3.4974721097
  -1.5756897848    0.4596210513    3.4974721097
   0.5670789904    1.2910054389    2.7947033345
   0.2495184121    2.2683564030    2.7947033345
  -0.5818659755    2.8723925177    2.7947033345
  -1.6095135941    2.8723925177    2.7947033345
  -2.4408979817    2.2683564030    2.7947033345
  -2.7584585601    1.2910054389    2.7947033345
  -2.4408979817    0.3136544748    2.7947033345
   1.2584936496    1.7338736471   -1.0611161052
   1.0012624249    2.6938736471   -1.0611161052
   1.0012624249    0.7738736471   -1.0611161052
   1.0012624249    1.7338736471   -2.0211161052
   0.6837018465    2.7112246112   -2.0211161052
  -0.1476825411    3.3152607259   -2.0211161052
   0.6837018465    0.7565226830   -2.0211161052
   0.2984936496    1.7338736471   -2.7238848805
  -0.1815063504    2.5652580348   -2.7238848805
  -1.1415063504    2.5652580348   -2.7238848805
  -1.6215063504    1.7338736471   -2.7238848805
  -1.1415063504    0.9024892595   -2.7238848805
  -0.1815063504    0.9024892595   -2.7238848805
  -0.6615063504    1.7338736471   -2.9811161052
   0.0169206759    2.9739206607    1.8615229559
  -0.4630793241    3.8053050483    1.8615229559
  -1.4230793241    3.8053050483    1.8615229559
   0.7196894511    2.9739206607    1.1587541806
   0.4021288728    3.9512716248    1.1587541806
  -0.4292555149    4.5553077395    1.1587541806
  -1.4569031334    4.5553077395    1.1587541806
  -2.2882875211    3.9512716248    1.1587541806
   0.9769206759    2.9739206607    0.1987541806
   0.7196894511    3.9339206607    0.1987541806
   0.0169206759    4.6366894360    0.1987541806
  -0.9430793241    4.8939206607    0.1987541806
  -1.9030793241    4.6366894360    0.1987541806
   0.4021288728    3.9512716248   -0.7612458194
  -0.4292555149    4.5553077395   -0.7612458194
  -1.4569031334    4.5553077395   -0.7612458194
  -3.2714024218    2.0216196227    1.2194076393
  -3.6566106187    2.9989705867    0.5166388640
  -3.9741711971    2.0216196227    0.5166388640
  -3.6566106187    1.0442686586    0.5166388640
  -3.2714024218    3.6843883979   -0.4433611360
  -3.9741711971    2.9816196227   -0.4433611360
  -4.2314024218    2.0216196227   -0.4433611360
  -3.9741711971    1.0616196227   -0.4433611360
  -3.2714024218    0.3588508474   -0.4433611360
  -2.8252262311    3.6030067015   -1.4033611360
  -3.6566106187    2.9989705867   -1.4033611360
  -3.9741711971    2.0216196227   -1.4033611360
  -3.6566106187    1.0442686586   -1.4033611360
  -2.8252262311    0.4402325438   -1.4033611360
  -2.7914024218    2.8530040103   -2.1061299113
  -3.2714024218    2.0216196227   -2.1061299113
  -2.7914024218    1.1902352350   -2.1061299113
  -2.3114024218    2.0216196227   -2.3633611360
   1.0356560928   -1.3385193954    3.5413210383
  -2.4023080852   -1.8328240197    3.5413210383
   1.9240194206   -2.3707045235    2.6653779965
   1.6769887633   -1.2883924972    2.6653779965
  -3.0649300549   -2.3707045235    2.6653779965
  -2.1257348772   -4.3209634057    2.6653779965
   1.6769887633   -3.4530165499    2.6653779965
  -0.5704553172   -5.0707045235    1.6321327291
   0.4627899502   -4.8651792613    1.6321327291
  -0.0153824688   -4.8026375716    0.5988874617
  -0.7591459088   -0.9633170965    4.3008268081
   0.3342411138   -0.9633170965    4.0512683553
  -0.2124523975   -0.0164161587    4.0512683553
  -1.3058394200   -0.0164161587    4.0512683553
  -1.8525329313   -0.9633170965    4.0512683553
   1.2110694271   -0.9633170965    3.3520211088
   0.8983047029    0.1018617333    3.3520211088
  -2.6495536800   -0.4082432924    3.3520211088
  -2.6495536800   -1.5183909005    3.3520211088
   1.6976724299   -0.9633170965    2.3415795617
   1.4543709285    0.1026564307    2.3415795617
  -3.2159642475   -0.9633170965    2.3415795617
  -3.3825101217   -0.3008804796    1.6385621151
   1.8119646161   -0.3008804796    0.6053168477
  -3.5880353839   -0.3008804796    0.6053168477
  -3.3825101217   -1.3341257470    0.6053168477
   1.3594086966    0.7814315467   -0.4279284197
  -3.3825101217   -0.3008804796   -0.4279284197
  -3.0697130783   -1.8781940287    0.0575245304
   1.6006220977   -0.8122205016   -1.0639809767
   1.3573205963    0.2537530255   -1.0639809767
  -3.3130145797   -0.8122205016   -1.0639809767
  -3.0697130783   -1.8781940287   -1.0639809767
  -2.3879974202   -2.7330384255   -1.0639809767
  -1.4028897523   -3.2074412751   -1.0639809767
  -0.3095027297   -3.2074412751   -1.0639809767
   0.6756049382   -2.7330384255   -1.0639809767
   1.3573205963   -1.8781940287   -1.0639809767
   1.1140190948   -0.8122205016   -2.0744225238
   0.8012543707    0.2529583281   -2.0744225238
  -2.7466040122   -0.2571466975   -2.0744225238
  -2.7466040122   -1.3672943057   -2.0744225238
  -2.1464129018   -2.3012099030   -2.0744225238
  -1.1365871179   -2.7623818861   -2.0744225238
  -0.0377392117   -2.6043914088   -2.0744225238
   0.8012543707   -1.8773993313   -2.0744225238
   0.2371907816   -0.8122205016   -2.7736697703
  -0.3095027297    0.1346804361   -2.7736697703
  -1.4028897523    0.1346804361   -2.7736697703
  -1.9495832636   -0.8122205016   -2.7736697703
  -1.4028897523   -1.7591214393   -2.7736697703
  -0.3095027297   -1.7591214393   -2.7736697703
  -0.8561962410   -0.8122205016   -3.0232282231
   0.8457686612    1.0236201257    2.7704882617
  -2.8952724160    0.4857396218    2.7704882617
   1.4310550898    1.0236201257    1.8945452199
   1.1840244325    2.1059321520    1.8945452199
   0.4918599120    2.9738790079    1.8945452199
  -3.3108637285    2.1059321520    1.8945452199
  -3.5578943858    1.0236201257    1.8945452199
  -3.3108637285   -0.0586919007    1.8945452199
   1.6365803520    1.0236201257    0.8612999525
   1.4310550898    2.0568653931    0.8612999525
  -3.7634196480    1.0236201257    0.8612999525
   1.4310550898    1.0236201257   -0.1719453149
  -2.5014437693    3.4390370632    1.7305013896
  -2.8064708719    3.9464276934    0.8545583478
   1.4488086881    1.9961688111   -0.1786869196
   1.2432834259    3.0294140785   -0.1786869196
  -1.8062641603    4.4281018592   -1.2119321870
  -0.4580858256    3.7328275824   -2.0878752288
  -1.5228971373    3.8859243362   -2.0878752288
  -2.5014437693    3.4390370632   -2.0878752288
  -2.5014437693    0.5533005591   -2.0878752288
  -1.7678139456    2.8909854610   -2.6731616574
  -2.2844365793    1.9961688111   -2.6731616574
   2.2199797893   -2.5785668495    2.1563652929
   1.9230262869   -3.5898976032    2.1563652929
   2.5093649172   -2.5785668495    1.0763652929
   2.2619499326   -1.5747647979    1.0763652929
   1.5763847701   -4.3562119998    1.0763652929
   2.2619499326   -3.5823689011    1.0763652929
   2.2199797893   -2.5785668495   -0.0036347071
   1.9230262869   -1.5672360959   -0.0036347071
   0.0831486642   -4.4301415595   -0.0036347071
   1.1264464186   -4.2801379882   -0.0036347071
   1.9230262869   -3.5898976032   -0.0036347071
   1.4293649172   -2.5785668495   -0.7942495793
  -0.1906350828   -3.5138742856   -0.7942495793
   0.8893649172   -3.5138742856   -0.7942495793
  -3.2297265728   -2.2969854945    2.2167309269
  -3.2297265728   -3.3510117161    2.2167309269
  -2.6598769747   -4.2377149988    2.2167309269
  -3.5321190722   -2.3070767705    1.1367309269
  -3.5321190722   -3.3409204402    1.1367309269
  -3.0516679626   -4.2563435471    1.1367309269
  -2.2008313026   -4.8436336895    1.1367309269
  -1.1745255172   -4.9682497734    1.1367309269
  -3.2297265728   -2.2969854945    0.0567309269
  -3.2297265728   -3.3510117161    0.0567309269
  -2.6598769747   -4.2377149988    0.0567309269
  -1.7011009996   -4.6755733153    0.0567309269
  -2.5148847466   -2.8239986053   -0.7338839452
  -1.9748847466   -3.7593060414   -0.7338839452
  -0.8948847466   -3.7593060414   -0.7338839452
  -0.4766467782   -2.8070277045    4.7904724305
   0.6033532218   -2.8070277045    4.5010873027
   0.0633532218   -1.8717202684    4.5010873027
  -1.0166467782   -1.8717202684    4.5010873027
  -1.5566467782   -2.8070277045    4.5010873027
  -1.0166467782   -3.7423351406    4.5010873027
   0.0633532218   -3.7423351406    4.5010873027
   1.3939680939   -2.8070277045    3.7104724305
   1.0970145916   -1.7956969509    3.7104724305
  -2.2714886044   -3.3340408153    3.7104724305
  -1.7016390063   -4.2207440980    3.7104724305
  -0.7428630312   -4.6586024145    3.7104724305
   0.3004347232   -4.5085988432    3.7104724305
   1.0970145916   -3.8183584582    3.7104724305
  -1.2425933342   -4.8266627887    2.6304724305
  -0.2162875489   -4.9512788726    2.6304724305
   0.7503730747   -4.5846728549    2.6304724305
  -1.0956897848    1.2910054389    3.9947033345
  -0.0156897848    1.2910054389    3.7053182066
  -0.5556897848    2.2263128750    3.7053182066
  -1.6356897848    2.2263128750    3.7053182066
  -2.1756897848    1.2910054389    3.7053182066
   0.7749250874    1.2910054389    2.9147033345
   0.4779715850    2.3023361925    2.9147033345
  -0.3186082834    2.9925765776    2.9147033345
  -1.3619060378    3.1425801489    2.9147033345
  -2.3206820129    2.7047218323    2.9147033345
  -2.8905316110    1.8180185497    2.9147033345
  -2.8905316110    0.7639923281    2.9147033345
   1.4984936496    1.7338736471   -1.0611161052
   1.2510786650    2.7376756987   -1.0611161052
   1.2510786650    0.7300715955   -1.0611161052
   1.2091085218    1.7338736471   -2.1411161052
   0.9121550194    2.7452044008   -2.1411161052
   0.1155751510    3.4354447858   -2.1411161052
   0.9121550194    0.7225428935   -2.1411161052
   0.4184936496    1.7338736471   -2.9317309774
  -0.1215063504    2.6691810832   -2.9317309774
  -1.2015063504    2.6691810832   -2.9317309774
  -1.7415063504    1.7338736471   -2.9317309774
  -1.2015063504    0.7985662110   -2.9317309774
  -0.1215063504    0.7985662110   -2.9317309774
  -0.6615063504    1.7338736471   -3.2211161052
  -0.4030793241    3.9092280968    2.0693690528
  -1.4830793241    3.9092280968    2.0693690528
   0.9275355480    2.9739206607    1.2787541806
   0.6305820456    3.9852514143    1.2787541806
  -0.1659978227    4.6754917994    1.2787541806
  -1.2092955772    4.8254953707    1.2787541806
  -2.1680715523    4.3876370541    1.2787541806
   0.9695056913    3.9777227123    0.1987541806
   0.2839405288    4.7515658110    0.1987541806
  -0.6827200948    5.1181718288    0.1987541806
  -1.7090258802    4.9935557449    0.1987541806
  -2.5598625402    4.4062656025    0.1987541806
   0.6305820456    3.9852514143   -0.8812458194
  -0.1659978227    4.6754917994   -0.8812458194
  -1.2092955772    4.8254953707   -0.8812458194
  -3.5363946499    3.4353360161    0.6366388640
  -4.1062442480    2.5486327335    0.6366388640
  -4.1062442480    1.4946065119    0.6366388640
  -3.0773489778    4.0412547069   -0.4433611360
  -3.9281856378    3.4539645645   -0.4433611360
  -4.4086367474    2.5385414575   -0.4433611360
  -4.4086367474    1.5046977878   -0.4433611360
  -3.9281856378    0.5892746809   -0.4433611360
  -3.5363946499    3.4353360161   -1.5233611360
  -4.1062442480    2.5486327335   -1.5233611360
  -4.1062442480    1.4946065119   -1.5233611360
  -3.5363946499    0.6079032292   -1.5233611360
  -2.8514024218    2.9569270587   -2.3139760082
  -3.3914024218    2.0216196227   -2.3139760082
  -2.8514024218    1.0863121866   -2.3139760082
   1.0517867254   -1.3281528673    3.9302660584
  -2.4207059022   -1.8274219332    3.9302660584
   2.0276208942   -2.3707045235    3.1321327291
   1.8030054043   -1.3139717269    3.1321327291
  -3.1117573298   -1.8305341055    3.1321327291
  -3.1117573298   -2.9108749415    3.1321327291
  -2.6723431248   -3.8978154049    3.1321327291
   1.8030054043   -3.4274373202    3.1321327291
   2.1844623258   -1.3034437428    2.1530772621
  -3.4745739059   -1.8278306742    2.1530772621
  -1.3789716202   -5.2123445748    2.1530772621
  -0.2978555299   -5.3125247338    2.1530772621
   0.7464444486   -5.0153957721    2.1530772621
   1.6128898165   -4.3610866026    2.1530772621
  -0.2978555299   -5.3125247338    1.1111881961
   0.7464444486   -5.0153957721    1.1111881961
  -0.8420282310   -4.9545482015    0.1321327291
   0.2323943848   -4.8416218342    0.1321327291
  -0.7591459088   -0.9633170965    4.5808268081
   0.3123677019   -0.9633170965    4.3676894992
  -0.2233891034   -0.0353590892    4.3676894992
  -1.2949027141   -0.0353590892    4.3676894992
  -1.8306595194   -0.9633170965    4.3676894992
   1.2207530786   -0.9633170965    3.7607257955
   0.9554969112    0.0266323972    3.7607257955
   0.2308035849    0.7513257235    3.7607257955
  -2.4737887287    0.0266323972    3.7607257955
  -2.7390448961   -0.9633170965    3.7607257955
   1.8277167823   -0.9633170965    2.8523404188
   1.6040707522    0.0888547506    2.8523404188
  -3.2894794434   -0.4254781004    2.8523404188
  -3.2894794434   -1.5011560925    2.8523404188
   1.8517763336    0.0481595689    1.7808268081
  -3.5114705879   -1.4778157463    1.7808268081
   2.0663878751   -0.3008804796    1.1262613807
  -3.7921539726   -0.8437543289    1.1262613807
   2.0663878751   -0.3008804796    0.0843723147
   1.8668822590    0.7663803011    0.0843723147
  -3.7921539726   -0.8437543289    0.0843723147
  -3.3999366650   -1.8561839060    0.0843723147
   1.9438037590   -0.8122205016   -0.5032282231
  -3.6085209201   -1.3267191515   -0.5032282231
  -3.2368042210   -2.2862305576   -0.5032282231
   1.7306664500   -0.8122205016   -1.5747418338
   1.5070204199    0.2399513455   -1.5747418338
  -3.3865297757   -0.2743815056   -1.5747418338
  -3.3865297757   -1.3500594976   -1.5747418338
  -2.9490121202   -2.3327402411   -1.5747418338
  -2.1496275865   -3.0525093081   -1.5747418338
  -1.1265970228   -3.3849120881   -1.5747418338
  -0.0568117074   -3.2724731207   -1.5747418338
   0.8747527600   -2.7346341246   -1.5747418338
   1.5070204199   -1.8643923486   -1.5747418338
   1.1237027463   -0.8122205016   -2.4831272105
   0.8584465789    0.1777289921   -2.4831272105
  -2.5708390610    0.1777289921   -2.4831272105
  -2.8360952283   -0.8122205016   -2.4831272105
  -2.5708390610   -1.8021699952   -2.4831272105
  -1.8461457347   -2.5268633215   -2.4831272105
  -0.8561962410   -2.7921194889   -2.4831272105
   0.1337532527   -2.5268633215   -2.4831272105
   0.8584465789   -1.8021699952   -2.4831272105
   0.2153173696   -0.8122205016   -3.0900909142
  -0.3204394357    0.1157375057   -3.0900909142
  -1.3919530463    0.1157375057   -3.0900909142
  -1.9277098516   -0.8122205016   -3.0900909142
  -1.3919530463   -1.7401785089   -3.0900909142
  -0.3204394357   -1.7401785089   -3.0900909142
  -0.8561962410   -0.8122205016   -3.3032282231
   1.5346565634    1.0236201257    2.3612999525
   1.3100410735    2.0803529223    2.3612999525
   0.6750326627    2.9543670183    2.3612999525
  -2.3624577537    3.2736201257    2.3612999525
  -3.1653074557    2.5507310070    2.3612999525
  -3.6047216607    1.5637905437    2.3612999525
  -3.6047216607    0.4834497077    2.3612999525
   1.8910036110    1.0236201257    1.3822444855
   1.6914979950    2.0908809064    1.3822444855
  -3.9675382367    1.5664939750    1.3822444855
  -3.9675382367    0.4807462764    1.3822444855
   1.8910036110    1.0236201257    0.3403554195
  -2.5140004094    3.4535281984    2.1194464098
  -3.3530791196    3.5232796925    1.3213130804
   1.5037263311    3.0634295919    0.3422576134
  -3.0316290983    4.3538494685    0.3422576134
   1.7032319471    1.9961688111   -0.6996314526
   1.5037263311    3.0634295919   -0.6996314526
  -3.0316290983    4.3538494685   -0.6996314526
   0.4872609988    3.9269157038   -1.6786869196
  -0.4483416099    4.4670861218   -1.6786869196
  -1.5227642257    4.5800124892   -1.6786869196
  -2.5502294176    4.2461688111   -1.6786869196
  -0.4501204422    3.7502693391   -2.4768202489
  -1.5256259560    3.9049036871   -2.4768202489
  -2.5140004094    3.4535281984   -2.4768202489
  -2.5140004094    0.5388094239   -2.4768202489
  -1.7642215269    2.8847632093   -2.9977647819
  -2.2772517419    1.9961688111   -2.9977647819
   2.6891919064   -2.5785668495    1.6104155344
   2.4574761907   -1.5633539665    1.6104155344
   1.8082231831   -4.4079172532    1.6104155344
   2.4574761907   -3.5937797325    1.6104155344
   2.6891919064   -2.5785668495    0.5423150514
   2.4574761907   -1.5633539665    0.5423150514
   0.8700254041   -4.8597294910    0.5423150514
   1.8082231831   -4.4079172532    0.5423150514
   2.4574761907   -3.5937797325    0.5423150514
   2.2257604751   -2.5785668495   -0.4200102316
   1.9278893093   -1.5641108212   -0.4200102316
   1.1288478023   -4.2853962849   -0.4200102316
   1.9278893093   -3.5930228778   -0.4200102316
   1.3906858910   -2.5785668495   -1.0859599901
   0.8700254041   -3.4803772664   -1.0859599901
  -3.2352731001   -3.3526403235    2.6331064514
  -3.5429960202   -1.8087857224    1.6707811684
  -3.7747117358   -2.8239986053    1.6707811684
  -3.5429960202   -3.8392114883    1.6707811684
  -2.8937430125   -4.6533490090    1.6707811684
  -1.9555452335   -5.1051612468    1.6707811684
  -3.5429960202   -1.8087857224    0.6026806854
  -3.7747117358   -2.8239986053    0.6026806854
  -3.5429960202   -3.8392114883    0.6026806854
  -2.8937430125   -4.6533490090    0.6026806854
  -1.9555452335   -5.1051612468    0.6026806854
  -3.2352731001   -2.2953568872   -0.3596445975
  -3.2352731001   -3.3526403235   -0.3596445975
  -2.6636625188   -4.2420837496   -0.3596445975
  -1.7019236769   -4.6812951620   -0.3596445975
  -1.9555452335   -3.7258090222   -1.0255943560
  -0.9142242596   -3.7258090222   -1.0255943560
  -0.4766467782   -2.8070277045    5.0304724305
   0.5646741957   -2.8070277045    4.7927977135
   0.0440137087   -1.9052172877    4.7927977135
  -0.9973072652   -1.9052172877    4.7927977135
  -1.5179677521   -2.8070277045    4.7927977135
  -0.9973072652   -3.7088381214    4.7927977135
   0.0440137087   -3.7088381214    4.7927977135
   1.3997487797   -2.8070277045    4.1268479550
   1.1018776139   -1.7925716762    4.1268479550
  -2.2770351318   -2.2783859863    4.1268479550
  -2.2770351318   -3.3356694227    4.1268479550
  -1.7054245505   -4.2251128487    4.1268479550
  -0.7436857086   -4.6643242612    4.1268479550
   0.3028361069   -4.5138571400    4.1268479550
   1.1018776139   -3.8214837328    4.1268479550
  -1.9355050441   -4.6363781082    3.1645226720
  -0.9973072652   -5.0881903460    3.1645226720
   0.0440137087   -5.0881903460    3.1645226720
   0.9822114877   -4.6363781082    3.1645226720
   1.6314644954   -3.8222405875    3.1645226720
  -1.0956897848    1.2910054389    4.2347033345
  -0.0543688109    1.2910054389    3.9970286174
  -0.5750292979    2.1928158558    3.9970286174
  -1.6163502718    2.1928158558    3.9970286174
  -2.1370107587    1.2910054389    3.9970286174
   0.7807057731    1.2910054389    3.3310788589
   0.4828346073    2.3054614672    3.3310788589
  -0.3162068997    2.9978348743    3.3310788589
  -1.3627287152    3.1483019956    3.3310788589
  -2.3244675571    2.7090905831    3.3310788589
  -2.8960781384    1.8196471571    3.3310788589
  -2.8960781384    0.7623637207    3.3310788589
   1.6783206388    1.7338736471   -1.5951663467
   1.4466049232    2.7490865301   -1.5951663467
   1.4466049232    0.7186607641   -1.5951663467
   1.2148892075    1.7338736471   -2.5574916297
   0.9170180417    2.7483296754   -2.5574916297
   0.1179765347    3.4407030825   -2.5574916297
   0.9170180417    0.7194176188   -2.5574916297
   0.3798146235    1.7338736471   -3.2234413882
  -0.1408458635    2.6356840640   -3.2234413882
  -1.1821668374    2.6356840640   -3.2234413882
  -1.7028273243    1.7338736471   -3.2234413882
  -1.1821668374    0.8320632302   -3.2234413882
  -0.1408458635    0.8320632302   -3.2234413882
  -0.6615063504    1.7338736471   -3.4611161052
  -0.4224188372    3.8757310776    2.3610794636
  -1.4637398111    3.8757310776    2.3610794636
   0.6354450679    3.9883766890    1.6951297051
  -0.1635964391    4.6807500961    1.6951297051
  -1.2101182545    4.8312172174    1.6951297051
  -2.1718570964    4.3920058049    1.6951297051
   1.1650319494    3.9891335437    0.7328044221
   0.5157789418    4.8032710644    0.7328044221
  -0.4224188372    5.2550833022    0.7328044221
  -1.4637398111    5.2550833022    0.7328044221
  -2.4019375900    4.8032710644    0.7328044221
   1.1650319494    3.9891335437   -0.3352960609
   0.5157789418    4.8032710644   -0.3352960609
  -0.4224188372    5.2550833022   -0.3352960609
  -1.4637398111    5.2550833022   -0.3352960609
  -2.4019375900    4.8032710644   -0.3352960609
  -0.1635964391    4.6807500961   -1.2976213439
  -1.2101182545    4.8312172174   -1.2976213439
  -4.1117907753    2.5502613408    1.0530143885
  -4.1117907753    1.4929779045    1.0530143885
  -3.7702606877    3.8509700264    0.0906891055
  -4.4195136954    3.0368325056    0.0906891055
  -4.6512294110    2.0216196227    0.0906891055
  -4.4195136954    1.0064067397    0.0906891055
  -3.7702606877    3.8509700264   -0.9774113775
  -4.4195136954    3.0368325056   -0.9774113775
  -4.6512294110    2.0216196227   -0.9774113775
  -4.4195136954    1.0064067397   -0.9774113775
  -3.7702606877    0.1922692189   -0.9774113775
  -3.5401801940    3.4397047669   -1.9397366605
  -4.1117907753    2.5502613408   -1.9397366605
  -4.1117907753    1.4929779045   -1.9397366605
  -3.5401801940    0.6035344784   -1.9397366605
  -2.8320629087    2.9234300395   -2.6056864190
  -3.3527233957    2.0216196227   -2.6056864190
  -2.8320629087    1.1198092058   -2.6056864190
