   0.0081421435
   0.0177908890
  -0.0008704726
  -0.0004578924
  -0.0108805851
  -0.0067923601
  -0.0089791473
  -0.0110584128
  -0.0125450045
  -0.0024296398
  -0.0088201143
  -0.0115703044
   0.0019920695
  -0.0037263798
  -0.0088784337
   0.0023914205
   0.0050453649
  -0.0047241182
  -0.0139515133
   0.0054762512
  -0.0025020639
  -0.0368376761
  -0.0301181884
  -0.0434699576
  -0.0454895327
  -0.0334007219
  -0.0465021844
  -0.0494491326
  -0.0441609381
  -0.0490195256
  -0.0496877589
  -0.0413240042
  -0.0364595241
  -0.0432508380
  -0.0473262636
  -0.0424197447
  -0.0242646867
  -0.0420798216
  -0.0359013338
  -0.0043527654
  -0.0086512241
   0.0027276640
   0.0052537389
   0.0035771247
  -0.0069388077
  -0.0099217106
  -0.0195906727
  -0.0085983698
  -0.0125656569
  -0.0168337517
  -0.0124595922
  -0.0149346447
  -0.0222144572
  -0.0063802001
  -0.0001147030
  -0.0068448955
  -0.0020646786
  -0.0187226104
  -0.0284576677
  -0.0076088686
  -0.0229869123
  -0.0136320823
   0.0017434344
  -0.0297727154
  -0.0052356961
  -0.0085981646
  -0.0215247150
  -0.0297731328
  -0.0143047144
  -0.0108558471
  -0.0244528854
  -0.0017479036
  -0.0296329463
   0.0046478380
  -0.0106829065
   0.0017966210
  -0.0259980422
  -0.0193615588
  -0.0136949554
  -0.0239936323
  -0.0312554302
  -0.0083016486
  -0.0214987168
  -0.0063071848
  -0.0267973791
  -0.0139291455
  -0.0225216219
  -0.0310562320
  -0.0271358448
  -0.0169755155
  -0.0225593351
  -0.0156138937
  -0.0269476144
  -0.0228280496
  -0.0227278855
   0.0117674836
   0.0175758479
   0.0175223987
   0.0154948838
   0.0078235910
   0.0199918421
   0.0194061755
   0.0174454186
   0.0114981594
   0.0201353565
   0.0174654461
   0.0123421058
  -0.0117392040
   0.0052245945
   0.0175558606
   0.0063025778
  -0.0001560616
  -0.0212388325
   0.0048020153
   0.0130639074
   0.0144605500
   0.0106352412
   0.0053658556
   0.0115862134
   0.0071131413
   0.0005679184
   0.0103813890
   0.0097528079
  -0.0114476722
   0.0069725943
   0.0134062852
   0.0147185875
  -0.0150699052
   0.0062307180
   0.0150439280
   0.0200800359
   0.0288038809
   0.0403624625
   0.0107192841
   0.0330504946
   0.0423579677
   0.0233862881
   0.0343384825
   0.0291782073
   0.0175936587
   0.0041597001
   0.0161899260
   0.0163164990
   0.0321384708
   0.0262283074
   0.0212272927
   0.0180612034
   0.0311301284
   0.0195064452
   0.0101874991
   0.0319333082
   0.0084301104
   0.0062876800
   0.0077648512
   0.0145196166
   0.0121716366
   0.0166855019
   0.0164247202
   0.0159417688
   0.0141022568
   0.0146139544
   0.0120911949
   0.0105306929
   0.0081149032
   0.0001104228
   0.0034298359
   0.0087149552
   0.0098114275
   0.0079174057
   0.0113796404
   0.0121596009
   0.0116932034
   0.0110444974
   0.0035835507
   0.0077146932
   0.0093767649
  -0.0021771658
   0.0023002421
   0.0091989635
   0.0034118284
   0.0125019743
   0.0106725121
   0.0102146449
   0.0065618792
   0.0037979181
   0.0095983400
   0.0053139631
   0.0026238463
  -0.0009582486
  -0.0055182865
  -0.0010013554
  -0.0137527549
  -0.0017110963
  -0.0178574966
  -0.0109744371
  -0.0243677519
   0.0050673399
   0.0150746485
   0.0132979100
   0.0166434237
   0.0073379002
   0.0023789009
   0.0005782756
  -0.0000720322
  -0.0053745540
  -0.0002894584
  -0.0056189819
  -0.0025348816
  -0.0051392212
  -0.0008138844
  -0.0014326148
  -0.0060398022
   0.0031822007
  -0.0026509690
  -0.0057983802
   0.0003759990
  -0.0002351130
  -0.0019017850
   0.0017323527
  -0.0043301488
  -0.0181790733
   0.0002129563
  -0.0276855343
  -0.0216196690
  -0.0330272104
  -0.0339463075
  -0.0231016679
  -0.0349484335
  -0.0383266359
  -0.0334996615
  -0.0377326294
  -0.0397038303
  -0.0354621107
  -0.0390004307
  -0.0383948010
  -0.0292271627
  -0.0303984431
  -0.0353462514
  -0.0361950744
  -0.0304761824
  -0.0198661916
  -0.0323722968
  -0.0262856433
  -0.0076046004
   0.0020263217
   0.0141893659
  -0.0121654984
   0.0096833258
   0.0006452526
  -0.0049426799
  -0.0102364654
  -0.0274858859
  -0.0183764654
  -0.0097439164
  -0.0146395212
  -0.0150876306
  -0.0178708697
  -0.0058410879
   0.0020120455
  -0.0038331493
   0.0016558604
   0.0039821498
  -0.0077111869
  -0.0039065102
  -0.0156004440
  -0.0250573436
  -0.0062742084
  -0.0131799290
  -0.0175498027
  -0.0102756540
  -0.0001855970
  -0.0257993949
  -0.0081510249
  -0.0110396457
  -0.0195607427
  -0.0115215042
  -0.0095439187
  -0.0192676650
  -0.0044062700
  -0.0017286063
  -0.0119779248
  -0.0075884541
  -0.0282024296
  -0.0225457989
  -0.0179643797
  -0.0135404674
  -0.0210347886
  -0.0277371674
  -0.0105898890
  -0.0202592489
   0.0020370281
  -0.0098319710
  -0.0082111836
  -0.0081516135
  -0.0226282012
  -0.0134341948
  -0.0239230991
  -0.0179135087
  -0.0209036433
  -0.0170538325
  -0.0224399556
  -0.0198296973
  -0.0212404815
   0.0093279063
   0.0047486737
   0.0131994944
   0.0122728586
   0.0084720489
   0.0155010119
   0.0152635157
   0.0141952090
   0.0110880463
   0.0045444971
   0.0170946228
   0.0159147098
   0.0149247480
   0.0121345227
   0.0072460083
   0.0148304787
   0.0123940257
  -0.0079098877
   0.0028272640
   0.0111656467
   0.0061267726
   0.0038695142
  -0.0046327060
  -0.0139309524
   0.0031207175
   0.0087175238
   0.0115410761
   0.0098870474
   0.0067913823
   0.0025809572
   0.0082630613
   0.0043463584
  -0.0009381872
   0.0059694610
   0.0076085309
  -0.0111547495
   0.0027959899
   0.0088522410
   0.0107454594
  -0.0184890323
  -0.0001292666
   0.0081129812
   0.0121924812
  -0.0152372889
   0.0024138741
   0.0112852577
   0.0165233877
   0.0267786401
   0.0210281977
   0.0309352130
   0.0162754829
   0.0281569005
   0.0320817639
   0.0199779336
   0.0222057448
   0.0087769626
   0.0089665719
   0.0125990329
   0.0115147140
   0.0194250080
   0.0207037215
   0.0182910358
   0.0159839944
   0.0286107890
   0.0207139540
   0.0158752242
   0.0122425554
   0.0197506748
   0.0109484300
   0.0136669736
   0.0041518956
   0.0011567402
   0.0090516499
   0.0105078128
   0.0076832488
   0.0102729223
   0.0128385356
   0.0130291609
   0.0123080631
   0.0109109438
   0.0140539807
   0.0119340103
   0.0108731921
   0.0096396754
   0.0098228539
   0.0060275551
   0.0042885598
  -0.0011290228
   0.0010131529
   0.0063340228
   0.0059441273
   0.0042646034
   0.0092695383
   0.0091349563
   0.0079352179
   0.0078275393
   0.0066538212
   0.0075248046
   0.0083478515
   0.0081816377
  -0.0000213294
   0.0033876774
   0.0050679634
  -0.0012673425
   0.0046574377
  -0.0001728134
   0.0068042993
   0.0069312926
   0.0038520177
  -0.0005059149
   0.0070828229
   0.0078466590
   0.0057812018
   0.0033766274
   0.0011299720
   0.0053917807
   0.0011340579
  -0.0012614442
  -0.0020821620
  -0.0049866582
  -0.0138410375
  -0.0275323116
  -0.0019133906
  -0.0120566939
  -0.0062260484
  -0.0195608779
  -0.0033366500
  -0.0146633682
  -0.0149665872
  -0.0248270930
   0.0034547942
   0.0070200536
   0.0023630834
   0.0114237802
   0.0128370494
  -0.0035007796
   0.0069733266
   0.0118721753
   0.0014752931
   0.0103615400
   0.0130474497
   0.0067364972
   0.0035459724
   0.0002315814
  -0.0022909782
   0.0028728236
  -0.0007814426
  -0.0019002799
   0.0006004869
  -0.0009370178
  -0.0017191238
   0.0005681663
  -0.0022948701
  -0.0014461281
   0.0005948281
  -0.0039027025
   0.0001325477
  -0.0043706884
  -0.0005678348
  -0.0175546332
  -0.0021708744
  -0.0230651656
  -0.0172823180
  -0.0265425009
  -0.0274408419
  -0.0198637508
  -0.0278063851
  -0.0309122653
  -0.0271643744
  -0.0303587652
  -0.0321135614
  -0.0285347673
  -0.0315085190
  -0.0308488518
  -0.0236381568
  -0.0183360047
  -0.0257281074
  -0.0286584788
  -0.0287554007
  -0.0227018166
  -0.0154435168
  -0.0257801844
  -0.0196794513
  -0.0068495014
   0.0012803479
   0.0087760158
  -0.0125443347
   0.0003397637
   0.0072326900
   0.0046713164
  -0.0009688712
  -0.0041487873
  -0.0100575946
  -0.0241259742
  -0.0162904388
  -0.0138819191
  -0.0199645319
  -0.0131618740
  -0.0140635181
  -0.0048220540
   0.0010417109
  -0.0229621250
  -0.0043772286
   0.0054994238
   0.0086735845
  -0.0014095370
   0.0019260069
  -0.0070982820
  -0.0046172245
  -0.0129708596
  -0.0048771405
  -0.0098987080
  -0.0132266011
  -0.0075727487
   0.0009584305
  -0.0007109127
  -0.0202452182
   0.0049188163
   0.0059583027
   0.0019617752
  -0.0001643401
  -0.0022840894
  -0.0086917323
  -0.0111783622
  -0.0170841089
  -0.0090211841
  -0.0079478617
  -0.0150465309
  -0.0048714089
  -0.0132607892
  -0.0046665763
  -0.0115201356
  -0.0083539699
  -0.0246135269
  -0.0192725091
  -0.0122545839
  -0.0179342313
  -0.0049065471
  -0.0106722868
  -0.0177057586
  -0.0116418601
  -0.0046604664
  -0.0159244416
  -0.0084050627
  -0.0092328882
  -0.0189899643
  -0.0123666584
  -0.0206724048
  -0.0168085628
  -0.0184332293
  -0.0106812953
  -0.0176653952
  -0.0228975478
  -0.0157385200
  -0.0159781556
  -0.0188007036
  -0.0172059732
  -0.0193669743
   0.0077749435
   0.0035016903
   0.0112637319
   0.0107138588
   0.0088216032
   0.0037532658
   0.0132940173
   0.0128886090
   0.0123197108
   0.0106228364
   0.0070483981
   0.0135645745
   0.0129270746
   0.0114044072
   0.0083880942
   0.0125869723
   0.0105109057
  -0.0095333649
   0.0001642389
   0.0078638574
   0.0036924773
   0.0007872493
  -0.0090458960
  -0.0157847932
   0.0010340187
   0.0065799034
   0.0095297022
   0.0080708611
   0.0048393408
   0.0004918294
   0.0061006511
   0.0026279641
  -0.0029146179
   0.0039572377
   0.0059712805
  -0.0130285888
  -0.0001578926
   0.0059690215
   0.0086054283
  -0.0200110403
  -0.0028973119
   0.0050975523
   0.0093681772
  -0.0164172006
  -0.0003212733
   0.0079378390
   0.0126267098
   0.0215499428
   0.0115898783
   0.0216927607
   0.0280178378
   0.0187975191
   0.0248329718
   0.0096542841
   0.0176888678
   0.0156133522
   0.0074396537
   0.0106165074
   0.0098934397
   0.0184368352
   0.0166897599
   0.0145680774
   0.0135411050
   0.0205575146
   0.0156131878
   0.0121559438
   0.0224477774
   0.0132263136
   0.0063805704
   0.0116157865
   0.0029284652
   0.0073806505
   0.0084408798
   0.0060204215
   0.0108707419
   0.0109307331
   0.0105148350
   0.0096761177
   0.0087929510
   0.0109553436
   0.0094520733
   0.0084234448
   0.0075802415
   0.0058745105
   0.0041876208
   0.0024455376
  -0.0015962642
   0.0001152584
   0.0051669744
   0.0044526850
   0.0029770265
   0.0093469450
   0.0074380968
   0.0070488687
   0.0058666077
   0.0064265192
   0.0054552493
   0.0060127316
   0.0064276128
   0.0063229831
   0.0003088095
   0.0024989745
   0.0038410275
  -0.0021913802
   0.0028456347
  -0.0010808065
   0.0049048028
   0.0046436779
   0.0020045598
  -0.0019227580
   0.0055360180
   0.0056836034
   0.0035269708
   0.0013494936
   0.0009573634
   0.0035985834
  -0.0006131211
  -0.0033372483
  -0.0031377692
  -0.0130537449
  -0.0238595012
  -0.0029203002
  -0.0118886973
  -0.0072345429
  -0.0183156645
  -0.0150104723
  -0.0239636336
   0.0025428036
   0.0052047551
   0.0017000034
   0.0087560400
   0.0077460919
   0.0103973832
  -0.0036486418
   0.0043980872
   0.0088551076
   0.0113022283
   0.0055322928
   0.0013034632
   0.0081928067
   0.0104633971
   0.0061342174
   0.0036964721
  -0.0000526552
  -0.0004663602
   0.0041730258
   0.0007488735
  -0.0001523776
   0.0045036094
   0.0023779242
   0.0008287766
   0.0069318597
   0.0013147338
   0.0021518772
   0.0000155929
   0.0021913938
  -0.0004904303
  -0.0002238401
  -0.0047401019
  -0.0132942982
  -0.0044604162
   0.0001679926
  -0.0013243760
  -0.0070446075
  -0.0031414414
  -0.0191338047
  -0.0138093953
  -0.0218720461
  -0.0217591267
  -0.0166723137
  -0.0222093057
  -0.0246696960
  -0.0218348408
  -0.0237559320
  -0.0260964692
  -0.0243861354
  -0.0178118313
  -0.0255891618
  -0.0264199774
  -0.0234753062
  -0.0256718205
  -0.0246895898
  -0.0191605213
  -0.0180166862
  -0.0221238636
  -0.0241811604
  -0.0226220273
  -0.0128683948
  -0.0206006737
  -0.0151175365
  -0.0063057493
   0.0005417958
  -0.0118790911
  -0.0048174789
  -0.0001935058
   0.0055782960
   0.0067914905
   0.0023054390
  -0.0016578228
  -0.0087758418
  -0.0039430128
  -0.0141674275
  -0.0124996052
  -0.0095869023
  -0.0163094352
  -0.0115043979
  -0.0110915909
  -0.0039091317
   0.0006419211
  -0.0187507497
  -0.0123496071
  -0.0041554641
   0.0033475851
   0.0013653058
   0.0006763699
  -0.0063234380
  -0.0109931908
  -0.0037795095
  -0.0075179874
  -0.0100673183
  -0.0056470012
   0.0006005883
  -0.0008258930
  -0.0156588236
   0.0035045862
   0.0039412963
   0.0013397310
  -0.0011260137
  -0.0027916788
  -0.0046214220
  -0.0084049284
  -0.0105574876
  -0.0148344641
  -0.0070995924
  -0.0065906760
  -0.0118643242
  -0.0017858915
  -0.0046945956
  -0.0109372098
  -0.0162607196
  -0.0012928688
   0.0001101265
  -0.0051538091
  -0.0030377877
  -0.0010468777
  -0.0106353058
  -0.0083016923
  -0.0165584381
  -0.0152086735
  -0.0055916007
  -0.0100655503
  -0.0152918077
  -0.0049783004
  -0.0106365456
  -0.0064729926
  -0.0054946010
  -0.0182331886
  -0.0134625592
  -0.0081438332
  -0.0095616015
  -0.0161209958
  -0.0113140523
  -0.0178476265
  -0.0152054633
  -0.0161052864
  -0.0152160613
  -0.0180670379
  -0.0066576418
  -0.0153624750
  -0.0146436001
  -0.0160593049
  -0.0151595933
  -0.0175150960
   0.0091324565
   0.0084979700
   0.0068042808
   0.0106318531
   0.0102707572
   0.0092880835
   0.0071452123
   0.0027498474
   0.0114386885
   0.0110608007
   0.0101360103
   0.0082660307
   0.0049558322
   0.0116051785
   0.0109819653
   0.0097415558
   0.0075296726
   0.0107748790
   0.0091899347
  -0.0064716461
  -0.0067370956
   0.0001917417
   0.0060535347
   0.0032974361
   0.0000051035
  -0.0066764234
  -0.0107127831
   0.0006242852
   0.0050326089
   0.0075750136
   0.0065489954
   0.0036843099
   0.0001469947
   0.0045927516
   0.0014793066
  -0.0029882640
   0.0024041135
   0.0043639389
  -0.0110353217
  -0.0011447878
   0.0040904229
   0.0065234865
  -0.0043974986
   0.0026727363
   0.0065492689
   0.0089099415
  -0.0047361855
   0.0030298675
   0.0076216741
   0.0166484712
   0.0105090753
   0.0178265792
   0.0135659909
   0.0200483182
   0.0161589542
   0.0189393803
   0.0118598077
   0.0053509021
   0.0082811941
   0.0132374126
   0.0131005759
   0.0119785169
   0.0116394246
   0.0185538142
   0.0149387818
   0.0124975526
   0.0112306882
   0.0229388669
   0.0156363889
   0.0113645878
   0.0078271391
   0.0189447794
   0.0104940493
   0.0021562271
   0.0056680516
   0.0065086596
   0.0044744901
   0.0083314007
   0.0088937741
   0.0086181943
   0.0079139159
   0.0069587797
   0.0110654004
   0.0093596231
   0.0084532122
   0.0077030422
   0.0073208494
   0.0075039223
   0.0061543780
   0.0051074031
   0.0043840384
  -0.0006827562
   0.0036441185
   0.0029285507
   0.0013061439
   0.0060337746
   0.0053566916
   0.0040844037
   0.0039224131
   0.0057517511
   0.0056288791
   0.0054782773
   0.0049132872
   0.0027498019
   0.0036217441
   0.0041971011
   0.0046990586
   0.0001428660
   0.0015716596
   0.0007328998
  -0.0029314982
   0.0029143813
   0.0027573587
   0.0002302431
  -0.0037315621
   0.0049869076
   0.0041281978
   0.0028991917
   0.0008404101
  -0.0021992602
   0.0032826603
   0.0036827876
   0.0011771009
  -0.0008109429
  -0.0010902251
   0.0012600578
  -0.0025696972
  -0.0044234132
  -0.0106669822
  -0.0209338356
  -0.0047506794
  -0.0125807864
  -0.0094482229
  -0.0193981145
  -0.0158719182
