  -1.9857764068    4.4425630939    0.5763713817
  -0.7052805026    5.1875416937   -2.2922819663
  -1.7842690656    2.3264800587    1.4104547715
  -1.2942690656    3.1751849544    1.1478645630
  -2.2742690656    3.1751849544    1.1478645630
  -2.7642690656    2.3264800587    1.1478645630
  -3.1575024333    3.3241925012    0.4304547715
  -3.4816788571    2.3264800587    0.4304547715
  -3.7442690656    2.3264800587   -0.5495452285
  -3.4816788571    1.3464800587   -0.5495452285
  -3.4816788571    2.3264800587   -1.5295452285
  -3.1575024333    1.3287676162   -1.5295452285
  -2.3087975376    0.7121474157   -1.5295452285
  -2.2742690656    1.4777751630   -2.2469550199
   0.3278735465    1.4973514072    1.4656234189
  -0.1971264535    2.4066780812    1.4656234189
  -1.2471264535    2.4066780812    1.4656234189
   0.0333694506    3.1516566810    0.6969700709
   0.0333694506   -0.1569538665   -1.4030299291
  -1.2471264535    0.5880247332   -2.1716832770
  -0.7221264535    1.4973514072   -2.4530299291
   1.3931043161    1.7454452413    0.9694449147
   0.9031043161    2.5941501370    0.9694449147
   2.1105141075    1.7454452413    0.2520351233
   1.7863376838    2.7431576838    0.2520351233
   0.9376327881    3.3597778843    0.2520351233
   2.3731043161    1.7454452413   -0.7279648767
   2.1105141075    2.7254452413   -0.7279648767
   1.3931043161    3.4428550327   -0.7279648767
   2.1105141075    1.7454452413   -1.7079648767
   1.7863376838    2.7431576838   -1.7079648767
   0.9376327881    3.3597778843   -1.7079648767
   0.9376327881    0.1311125984   -1.7079648767
   1.7863376838    0.7477327988   -1.7079648767
   1.3931043161    1.7454452413   -2.4253746682
   0.9031043161    2.5941501370   -2.4253746682
  -0.0768956839    0.8967403456   -2.4253746682
   0.9031043161    0.8967403456   -2.4253746682
   0.4131043161    1.7454452413   -2.6879648767
  -1.1708912163    0.3936932953    2.4137891299
  -0.6458912163    1.3030199693    2.1324424779
  -1.6958912163    1.3030199693    2.1324424779
  -2.3618558825   -0.9807531983   -0.7362108701
  -2.2208912163    0.3936932953   -1.5048642180
  -1.6958912163   -0.5156333787   -1.5048642180
  -0.6458912163   -0.5156333787   -1.5048642180
   0.0821898157    0.1783307835    2.5540670822
  -0.9678101843    0.1783307835    2.5540670822
   0.3126857199    0.9233093833    1.7854137342
  -0.9678101843   -1.6403225644   -1.0832396137
  -0.4428101843   -0.7309958904   -1.3645862658
  -1.1488707239   -1.7368401342    3.5077670118
  -0.6238707239   -0.8275134602    3.2264203597
  -1.6738707239   -0.8275134602    3.2264203597
  -1.4076920810    0.0633019449    2.4577670118
  -2.3398353902   -3.1112866278    0.3577670118
  -2.1988707239   -1.7368401342   -0.4108863362
  -1.6738707239   -2.6461668082   -0.4108863362
  -0.6238707239   -2.6461668082   -0.4108863362
  -0.4953814140   -2.8866977188    3.9585950843
   0.0296185860   -1.9773710448    3.6772484322
  -1.0203814140   -1.9773710448    3.6772484322
   0.0296185860   -3.7960243927    3.6772484322
   0.2601144901   -1.2323924450    2.9085950843
  -1.6863460803   -4.2611442124    0.8085950843
  -0.7542027711   -4.6868397979    0.8085950843
  -1.0203814140   -3.7960243927    0.0399417363
  -0.4953814140   -2.8866977188   -0.2414049157
   0.8709378983   -3.0408343392    3.7408224921
   1.9209378983   -3.0408343392    3.4594758400
   1.3959378983   -2.1315076653    3.4594758400
   2.6895912463   -3.0408343392    2.6908224921
   0.6121165412   -1.2406922601    2.6908224921
   0.1262676355   -5.0043684489    1.6408224921
   0.6121165412   -4.8409764184    0.5908224921
   2.4008864523   -4.0240725719    0.5908224921
   0.3459378983   -3.9501610132   -0.1778308559
   1.3959378983   -3.9501610132   -0.1778308559
   2.6309908333   -2.0457370618    2.7918008943
   2.1059908333   -1.1364103878    2.7918008943
   1.0559908333   -1.1364103878    2.7918008943
   3.1109393873   -1.0624988291    2.0231475464
   2.3364867375   -0.3914317880    2.0231475464
   2.3364867375   -3.7000423355   -0.0768524536
   1.0559908333   -2.9550637357   -0.8455058016
   2.1059908333   -2.9550637357   -0.8455058016
   1.5809908333   -2.0457370618   -1.1268524536
   0.9271093591   -0.8946356787    2.6217591825
   1.4521093591    0.0146909953    2.3404125305
   2.4570579131    0.0886025540    1.5717591825
   1.6826052633    0.7596695950    1.5717591825
   0.6682880020    0.9055064004    1.5717591825
   0.4021093591   -1.8039623527   -1.2968941654
   1.4521093591   -1.8039623527   -1.2968941654
   0.9271093591   -0.8946356787   -1.5782408175
  -3.1766640601    4.7004343657    0.0137637631
  -2.1003258785    5.6935097967   -0.8262362369
  -3.1766640601    5.5037223349   -0.8262362369
  -3.8791939141    4.6664798575   -0.8262362369
  -3.8791939141    3.5735374244   -0.8262362369
  -2.1003258785    5.6935097967   -1.8645333380
  -3.1766640601    5.5037223349   -1.8645333380
  -3.8791939141    4.6664798575   -1.8645333380
  -3.8791939141    3.5735374244   -1.8645333380
  -2.0726287247    5.0591571915   -2.7045333380
  -3.1766640601    4.7004343657   -2.7045333380
  -3.1766640601    3.5395829162   -2.7045333380
   0.5192154191    3.3106036318   -2.7626127166
   0.1454070915    4.3376335710   -2.7626127166
  -0.8011088204    4.8841047875   -2.7626127166
  -1.8774470020    1.9268899378   -2.7626127166
  -0.8011088204    1.7371024760   -2.7626127166
   0.1454070915    2.2835736925   -2.7626127166
  -0.0910803045    3.3106036318   -3.6026127166
  -0.7734116665    4.2497521823   -3.6026127166
  -1.8774470020    3.8910293565   -3.6026127166
  -1.8774470020    2.7301779070   -3.6026127166
  -0.7734116665    2.3714550812   -3.6026127166
  -1.0785595283    3.3106036318   -3.9234641661
  -0.7363528472    4.1217795469    1.0094235918
   0.2511263766    4.1217795469    0.6885721423
  -0.4312049855    5.0609280975    0.6885721423
  -1.5352403209    4.7022052717    0.6885721423
   0.8614221001    4.1217795469   -0.1514278577
   0.4876137725    5.1488094862   -0.1514278577
  -0.4589021393    5.6952807027   -0.1514278577
  -1.5352403209    5.5054932409   -0.1514278577
   0.8614221001    4.1217795469   -1.1897249588
   0.4876137725    5.1488094862   -1.1897249588
  -0.4589021393    5.6952807027   -1.1897249588
  -2.1601137352    0.4217894059    2.1945193570
  -2.9590012089    1.0022151306    1.8736679076
  -2.9590012089   -0.1586363188    1.8736679076
  -2.9590012089    1.8055030999    1.0336679076
  -3.6615310629    0.9682606224    1.0336679076
  -3.6615310629   -0.1246818106    1.0336679076
  -3.6615310629    0.9682606224   -0.0046291935
  -3.6615310629   -0.1246818106   -0.0046291935
  -2.9590012089   -0.9619242881   -0.0046291935
  -2.9590012089   -0.1586363188   -0.8446291935
  -2.2159103247   -1.6402718585    3.2701203957
  -3.0147977984   -1.0598461337    2.9492689462
  -3.0147977984   -2.2206975832    2.9492689462
  -3.0147977984   -0.2565581645    2.1092689462
  -3.7173276525   -1.0938006420    2.1092689462
  -3.7173276525   -2.1867430750    2.1092689462
  -3.0147977984   -3.0239855524    2.1092689462
  -3.7173276525   -1.0938006420    1.0709718451
  -3.7173276525   -2.1867430750    1.0709718451
  -3.0147977984   -3.0239855524    1.0709718451
  -3.0147977984   -1.0598461337    0.2309718451
  -3.0147977984   -2.2206975832    0.2309718451
  -1.0533618628   -3.6606178328    4.0591181442
  -1.8522493365   -3.0801921081    3.7382666948
  -1.8522493365   -4.2410435576    3.7382666948
  -0.7482140010   -4.5997663834    3.7382666948
  -2.5547791905   -3.1141466163    2.8982666948
  -2.5547791905   -4.2070890493    2.8982666948
  -1.8522493365   -5.0443315268    2.8982666948
  -0.7759111549   -5.2341189886    2.8982666948
   0.1706047570   -4.6876477721    2.8982666948
  -2.5547791905   -4.2070890493    1.8599695937
  -1.8522493365   -5.0443315268    1.8599695937
  -0.7759111549   -5.2341189886    1.8599695937
   1.3827623724   -3.9337626100    3.6699706854
   2.3702415962   -3.9337626100    3.3491192360
   0.5838748987   -4.5141883347    3.3491192360
   1.6879102341   -4.8729111605    3.3491192360
   2.9805373197   -3.9337626100    2.5091192360
   0.5838748987   -5.3174763039    2.5091192360
   1.6602130803   -5.5072637657    2.5091192360
   2.6067289921   -4.9607925492    2.5091192360
   2.9805373197   -3.9337626100    1.4708221349
   0.5838748987   -5.3174763039    1.4708221349
   1.6602130803   -5.5072637657    1.4708221349
   2.6067289921   -4.9607925492    1.4708221349
   1.6879102341   -4.8729111605    0.6308221349
   3.6356440602   -2.1609772702    2.1595508810
   4.2459397837   -2.1609772702    1.3195508810
   3.8721314561   -1.1339473310    1.3195508810
   2.9256155443   -3.7344784260    1.3195508810
   3.8721314561   -3.1880072095    1.3195508810
   4.2459397837   -2.1609772702    0.2812537799
   3.8721314561   -1.1339473310    0.2812537799
   2.9256155443   -3.7344784260    0.2812537799
   3.8721314561   -3.1880072095    0.2812537799
   3.6356440602   -2.1609772702   -0.5587462201
   2.9533126981   -1.2218287197   -0.5587462201
   2.9533126981   -3.1001258208   -0.5587462201
   2.6481648364   -2.1609772702   -0.8795976695
   3.1159205633   -0.1440513952    0.5252270030
   2.7421122357    0.8829785441    0.5252270030
   3.1159205633   -0.1440513952   -0.5130700981
   2.7421122357    0.8829785441   -0.5130700981
   2.5056248398   -0.1440513952   -1.3530700981
   1.5181456159   -0.1440513952   -1.6739215476
  -1.9814368937    4.4350468368    0.9200433167
  -0.9401159198    5.8143990615   -1.7763322078
  -0.6812935217    5.2400658554   -2.7386574907
  -1.7278153372    5.3905329767   -2.7386574907
  -3.2611647603    3.0045947018   -2.7386574907
  -2.6895541790    2.1151512757   -2.7386574907
  -1.7842690656    2.3264800587    1.6904547715
  -1.2983192778    3.1681697811    1.4686250356
  -2.2702188535    3.1681697811    1.4686250356
  -2.7561686413    2.3264800587    1.4686250356
  -3.2011025672    3.3558698527    0.8470719277
  -3.5355715864    2.3264800587    0.8470719277
  -3.9046492104    2.8491068256   -0.0510983364
  -3.9046492104    1.8038532918   -0.0510983364
  -3.9046492104    2.8491068256   -1.0479921205
  -3.9046492104    1.8038532918   -1.0479921205
  -3.4188956726    0.8783272520   -1.0479921205
  -3.5355715864    2.3264800587   -1.9461623846
  -3.2011025672    1.2970902647   -1.9461623846
  -2.3254513068    0.6608923844   -1.9461623846
  -2.2702188535    1.4847903363   -2.5677154926
  -0.2014659666    2.3991618241    1.8092953539
  -1.2427869405    2.3991618241    1.8092953539
   0.0573564316    3.2041808426    1.1433455954
   0.0573564316   -0.2094780282   -1.8494054535
  -1.2427869405    0.5955409903   -2.5153552120
   1.3850038917    1.7454452413    1.2902053874
   0.8990541039    2.5871349637    1.2902053874
   2.1644068368    1.7454452413    0.6686522794
   1.8299378177    2.7748350353    0.6686522794
   0.9542865573    3.4110329157    0.6686522794
   2.5969428394    1.7454452413   -0.2295179847
   2.3467972956    2.7603256071   -0.2295179847
   1.6536659937    3.5427091117   -0.2295179847
   2.5969428394    1.7454452413   -1.2264117688
   2.3467972956    2.7603256071   -1.2264117688
   1.6536659937    3.5427091117   -1.2264117688
   2.1644068368    1.7454452413   -2.1245820329
   1.8299378177    2.7748350353   -2.1245820329
   0.9542865573    3.4110329157   -2.1245820329
   0.9542865573    0.0798575670   -2.1245820329
   1.8299378177    0.7160554473   -2.1245820329
   1.3850038917    1.7454452413   -2.7461351408
   0.8990541039    2.5871349637   -2.7461351408
  -0.0728454717    0.9037555189   -2.7461351408
   0.8990541039    0.9037555189   -2.7461351408
   0.4131043161    1.7454452413   -2.9679648767
  -0.6502307293    1.2955037122    2.4761144129
  -1.6915517032    1.2955037122    2.4761144129
  -2.2122121901    0.3936932953    2.4761144129
   0.4076331758    1.4081493236    1.8101646544
  -2.9712795698   -0.1349484229   -1.1825863945
  -2.3996689885   -1.0243918489   -1.1825863945
  -1.6915517032   -0.5081171216   -1.8485361530
  -0.6502307293   -0.5081171216   -1.8485361530
   0.5985107896   -0.7309958904    2.8977390172
   0.0778503026    0.1708145264    2.8977390172
  -0.9634706713    0.1708145264    2.8977390172
   0.3366727008    0.9758335450    2.2317892587
  -0.9634706713   -1.6328063073   -1.4269115487
  -0.6282102370   -0.8350297173    3.5700922947
  -1.6695312109   -0.8350297173    3.5700922947
  -2.1901916978   -1.7368401342    3.5700922947
  -1.4159096543    0.1204564225    2.9041425362
  -2.6077289898   -3.5661905379    0.8737167703
  -2.9492590775   -2.2654818524   -0.0886085127
  -2.3776484962   -3.1549252784   -0.0886085127
  -2.1901916978   -1.7368401342   -0.7545582712
  -1.6695312109   -2.6386505511   -0.7545582712
  -0.6282102370   -2.6386505511   -0.7545582712
  -0.4953814140   -2.8866977188    4.2585950843
   0.5459395598   -2.8866977188    4.0209203672
   0.0252790729   -1.9848873019    4.0209203672
  -1.0160419010   -1.9848873019    4.0209203672
   0.0252790729   -3.7885081356    4.0209203672
   0.2841014711   -1.1798682833    3.3549706087
  -1.7241591863   -4.3047828630    0.3622195598
  -0.7624203444   -4.7439942754    0.3622195598
  -1.0160419010   -3.7885081356   -0.3037301987
   0.8709378983   -3.0408343392    4.0408224921
   1.9122588722   -3.0408343392    3.8031477750
   1.3915983853   -2.1390239224    3.8031477750
   2.7473334562   -3.0408343392    3.1371980165
   0.3502774114   -5.3219969807    1.1067722506
   0.6038989679   -4.8981308959    0.1444469676
   1.6504207834   -4.7476637747    0.1444469676
  -0.1703830756   -3.0408343392   -0.5215027909
   0.3502774114   -3.9426447561   -0.5215027909
   1.3915983853   -3.9426447561   -0.5215027909
   2.6223118072   -2.0457370618    3.1354728293
   2.1016513203   -1.1439266449    3.1354728293
   1.0603303464   -1.1439266449    3.1354728293
   3.1595152254   -1.0312810335    2.4695230708
   2.3604737184   -0.3389076263    2.4695230708
   3.1595152254   -3.0601930901    2.4695230708
   3.0398490992   -0.2163866581    1.5071977879
   2.3604737184   -3.7525664972   -0.5232279781
   2.6223118072   -2.0457370618   -1.1891777366
   1.0603303464   -2.9475474786   -1.1891777366
   2.1016513203   -2.9475474786   -1.1891777366
   1.4477698461    0.0071747382    2.6840844655
   2.5056337512    0.1198203496    2.0181347070
   1.7065922442    0.8121937567    2.0181347070
  -0.1142116147   -0.8946356787   -1.6405661004
   0.4064488722   -1.7964460956   -1.6405661004
   1.4477698461   -1.7964460956   -1.6405661004
   0.9271093591   -0.8946356787   -1.8782408175
  -2.8577765864    4.9513930286    0.3173839878
  -3.3377765864    4.1200086409    0.3173839878
  -2.8916003957    5.7013957198   -0.3853847874
  -3.7229847833    5.0973596050   -0.3853847874
  -4.0405453617    4.1200086409   -0.3853847874
  -2.3777765864    6.0400086409   -1.3453847874
  -3.3377765864    5.7827774162   -1.3453847874
  -4.0405453617    5.0800086409   -1.3453847874
  -4.2977765864    4.1200086409   -1.3453847874
  -4.0405453617    3.1600086409   -1.3453847874
  -1.8639527772    5.7013957198   -2.3053847874
  -2.8916003957    5.7013957198   -2.3053847874
  -3.7229847833    5.0973596050   -2.3053847874
  -4.0405453617    4.1200086409   -2.3053847874
  -3.7229847833    3.1426576769   -2.3053847874
  -2.8577765864    4.9513930286   -3.0081535627
  -3.3377765864    4.1200086409   -3.0081535627
   0.5842092470    3.3106036318   -3.2034641661
   0.2666486686    4.2879545958   -3.2034641661
  -0.5647357190    4.8919907106   -3.2034641661
  -2.4237677252    2.3332526677   -3.2034641661
  -1.5923833376    1.7292165530   -3.2034641661
  -0.5647357190    1.7292165530   -3.2034641661
   0.2666486686    2.3332526677   -3.2034641661
  -0.1185595283    3.3106036318   -3.9062329413
  -0.5985595283    4.1419880194   -3.9062329413
  -1.5585595283    4.1419880194   -3.9062329413
  -2.0385595283    3.3106036318   -3.9062329413
  -1.5585595283    2.4792192441   -3.9062329413
  -0.5985595283    2.4792192441   -3.9062329413
  -1.0785595283    3.3106036318   -4.1634641661
  -0.7363528472    4.1217795469    1.2494235918
   0.2236471528    4.1217795469    0.9921923670
  -0.2563528472    4.9531639346    0.9921923670
  -1.2163528472    4.9531639346    0.9921923670
   0.9264159280    4.1217795469    0.2894235918
   0.6088553497    5.0991305110    0.2894235918
  -0.2225290380    5.7031666258    0.2894235918
  -1.2501766565    5.7031666258    0.2894235918
   1.1836471528    4.1217795469   -0.6705764082
   0.9264159280    5.0817795469   -0.6705764082
   0.2236471528    5.7845483222   -0.6705764082
  -0.7363528472    6.0417795469   -0.6705764082
   0.9264159280    4.1217795469   -1.6305764082
   0.6088553497    5.0991305110   -1.6305764082
  -0.2225290380    5.7031666258   -1.6305764082
  -2.6401137352    1.2531737935    2.1772881323
  -3.1201137352    0.4217894059    2.1772881323
  -3.5053219321    1.3991403700    1.4745193570
  -3.8228825105    0.4217894059    1.4745193570
  -3.8228825105    1.3817894059    0.5145193570
  -4.0801137352    0.4217894059    0.5145193570
  -3.8228825105   -0.5382105941    0.5145193570
  -3.8228825105    0.4217894059   -0.4454806430
  -3.5053219321   -0.5555615582   -0.4454806430
  -3.1201137352    0.4217894059   -1.1482494182
  -2.6959103247   -0.8088874708    3.2528891709
  -3.1759103247   -1.6402718585    3.2528891709
  -2.6959103247   -2.4716562461    3.2528891709
  -2.7297341340   -0.0588847797    2.5501203957
  -3.5611185217   -0.6629208944    2.5501203957
  -3.8786791000   -1.6402718585    2.5501203957
  -3.5611185217   -2.6176228225    2.5501203957
  -3.8786791000   -0.6802718585    1.5901203957
  -4.1359103247   -1.6402718585    1.5901203957
  -3.8786791000   -2.6002718585    1.5901203957
  -3.1759103247   -3.3030406337    1.5901203957
  -3.8786791000   -1.6402718585    0.6301203957
  -3.5611185217   -2.6176228225    0.6301203957
  -3.1759103247   -1.6402718585   -0.0726483796
  -1.0533618628   -3.6606178328    4.2991181442
  -1.5333618628   -2.8292334452    4.0418869195
  -2.0133618628   -3.6606178328    4.0418869195
  -1.5333618628   -4.4920022205    4.0418869195
  -0.5733618628   -4.4920022205    4.0418869195
  -2.3985700597   -2.6832668688    3.3391181442
  -2.7161306381   -3.6606178328    3.3391181442
  -2.3985700597   -4.6379687969    3.3391181442
  -1.5671856721   -5.2420049116    3.3391181442
  -0.5395380535   -5.2420049116    3.3391181442
  -2.9733618628   -3.6606178328    2.3791181442
  -2.7161306381   -4.6206178328    2.3791181442
  -2.0133618628   -5.3233866081    2.3791181442
  -1.0533618628   -5.5806178328    2.3791181442
  -0.0933618628   -5.3233866081    2.3791181442
  -2.3985700597   -4.6379687969    1.4191181442
  -1.5671856721   -5.2420049116    1.4191181442
   1.3827623724   -3.9337626100    3.9099706854
   2.3427623724   -3.9337626100    3.6527394607
   0.9027623724   -4.7651469976    3.6527394607
   1.8627623724   -4.7651469976    3.6527394607
   3.0455311476   -3.9337626100    2.9499706854
   0.8689385631   -5.5151496888    2.9499706854
   1.8965861816   -5.5151496888    2.9499706854
   2.7279705693   -4.9111135740    2.9499706854
   3.3027623724   -3.9337626100    1.9899706854
   0.4227623724   -5.5965313852    1.9899706854
   1.3827623724   -5.8537626100    1.9899706854
   2.3427623724   -5.5965313852    1.9899706854
   3.0455311476   -4.8937626100    1.9899706854
   0.8689385631   -5.5151496888    1.0299706854
   1.8965861816   -5.5151496888    1.0299706854
   2.7279705693   -4.9111135740    1.0299706854
   3.6081648364   -2.1609772702    2.4631711057
   4.3109336116   -2.1609772702    1.7604023305
   3.9933730333   -1.1836263061    1.7604023305
   3.9933730333   -3.1383282343    1.7604023305
   4.5681648364   -2.1609772702    0.8004023305
   4.3109336116   -1.2009772702    0.8004023305
   3.6081648364   -0.4982084950    0.8004023305
   3.6081648364   -3.8237460455    0.8004023305
   4.3109336116   -3.1209772702    0.8004023305
   4.3109336116   -2.1609772702   -0.1595976695
   3.9933730333   -1.1836263061   -0.1595976695
   3.1619886456   -3.7423643490   -0.1595976695
   3.9933730333   -3.1383282343   -0.1595976695
   3.6081648364   -2.1609772702   -0.8623664448
   3.1281648364   -1.3295928826   -0.8623664448
   3.1281648364   -2.9923616579   -0.8623664448
   3.1809143912   -0.1440513952    0.9660784524
   2.8633538128    0.8332995689    0.9660784524
   2.0319694252    1.4373356836    0.9660784524
   3.4381456159   -0.1440513952    0.0060784524
   3.1809143912    0.8159486048    0.0060784524
   3.1809143912   -0.1440513952   -0.9539215476
   2.8633538128    0.8332995689   -0.9539215476
   2.8633538128   -1.1214023592   -0.9539215476
   2.4781456159   -0.1440513952   -1.6566903229
   1.9981456159   -0.9754357828   -1.6566903229
   1.5181456159   -0.1440513952   -1.9139215476
  -1.9773990405    4.4280530699    1.2521927715
  -2.7110288642    4.9761046720    0.6669063429
  -3.2926291748    4.0711169238    0.6669063429
  -2.0158492552    5.9651694681   -0.2090366989
  -1.4607764068    6.2332364200   -1.2422819663
   0.7866676737    4.6155484463   -2.2755272337
   0.0945031532    5.4834953022   -2.2755272337
  -0.9057035584    5.9651694681   -2.2755272337
  -3.7082204873    2.4509243936   -2.2755272337
  -0.6676709205    5.2698951912   -3.1514702755
  -1.7324822322    5.4229919450   -3.1514702755
  -3.2926291748    2.9953559161   -3.1514702755
  -2.7110288642    2.0903681679   -3.1514702755
  -1.2375755544    3.2733809964    1.7208963187
  -2.3309625769    3.2733809964    1.7208963187
  -2.8776560882    2.3264800587    1.7208963187
  -3.0744857265    3.8154694601    1.0216490722
  -3.6746768369    2.8815538628    1.0216490722
  -3.9977859029    3.3924535858    0.0112075251
  -4.2410874043    2.3264800587    0.0112075251
  -4.2410874043    2.3264800587   -1.1102979820
  -3.9977859029    1.2605065316   -1.1102979820
  -3.6746768369    1.7714062546   -2.1207395291
  -3.0744857265    0.8374906573   -2.1207395291
  -2.3309625769    1.3795791210   -2.8199867756
  -0.2055038198    2.3921680571    2.1414448087
  -1.2387490872    2.3921680571    2.1414448087
   0.0709790327    3.2340101784    1.5561583801
  -1.9723789109    0.0544831552   -2.2622182383
   0.0709790327   -0.2393073640   -2.2622182383
  -1.2387490872    0.6025347573   -2.8475046668
   1.5064913387    1.7454452413    1.5424766704
   0.9597978274    2.6923461790    1.5424766704
   2.3833196519    1.7454452413    0.8432294239
   2.0705549278    2.8106240710    0.8432294239
   1.2315613454    3.5376161485    0.8432294239
   2.8699226548    1.7454452413   -0.1672121232
   2.6266211534    2.8114187685   -0.1672121232
   1.9449054953    3.6662631652   -0.1672121232
   2.8699226548    1.7454452413   -1.2887176303
   2.6266211534    2.8114187685   -1.2887176303
   1.9449054953    3.6662631652   -1.2887176303
   2.3833196519    1.7454452413   -2.2991591774
   2.0705549278    2.8106240710   -2.2991591774
   1.2315613454    3.5376161485   -2.2991591774
   0.1327134392   -0.2047161432   -2.2991591774
   1.2315613454   -0.0467256659   -2.2991591774
   2.0705549278    0.6802664116   -2.2991591774
   1.5064913387    1.7454452413   -2.9984064239
   0.9597978274    2.6923461790   -2.9984064239
  -0.1335891952    0.7985443036   -2.9984064239
   0.9597978274    0.7985443036   -2.9984064239
   0.4131043161    1.7454452413   -3.2479648767
  -0.6542685826    1.2885099452    2.8082638677
  -1.6875138499    1.2885099452    2.8082638677
  -2.2041364836    0.3936932953    2.8082638677
   0.4352201937    1.4258784235    2.2229774392
  -1.4425970417    2.2834488203    2.2229774392
  -2.4211436737    1.8365615473    2.2229774392
  -3.0027439842   -0.1441872086   -1.5953991793
  -2.4211436737   -1.0491749568   -1.5953991793
  -1.6875138499   -0.5011233546   -2.1806856078
  -0.6542685826   -0.5011233546   -2.1806856078
   0.5904350831   -0.7309958904    3.2298884720
   0.0738124494    0.1638207595    3.2298884720
   0.3502953020    1.0056628808    2.6446020435
  -0.7145160098   -2.6207514155   -1.1737745750
  -0.9594328180   -1.6258125403   -1.7590610035
  -0.6322480902   -0.8420234843    3.9022417495
  -1.6654933576   -0.8420234843    3.9022417495
  -2.1821159913   -1.7368401342    3.9022417495
   0.4572406860   -0.7046550061    3.3169553210
  -1.4205765494    0.1529153908    3.3169553210
  -2.3991231813   -0.2939718822    3.3169553210
  -3.0580590331   -3.6460284434    1.4077670118
  -2.7041502839   -3.6870990164    0.3745217444
  -2.9807234919   -2.2747206381   -0.5014212974
  -2.3991231813   -3.1797083863   -0.5014212974
  -2.1821159913   -1.7368401342   -1.0867077260
  -1.6654933576   -2.6316567841   -1.0867077260
  -0.4953814140   -2.8866977188    4.5585950843
   0.5378638534   -2.8866977188    4.3530698221
   0.0212412197   -1.9918810689    4.3530698221
  -1.0120040477   -1.9918810689    4.3530698221
  -1.5286266814   -2.8866977188    4.3530698221
   0.0212412197   -3.7815143687    4.3530698221
   0.2977240723   -1.1500389476    3.7677833935
  -2.3272341820   -2.3488172149    3.7677833935
   0.2977240723   -4.6233564900    3.7677833935
  -2.7428254945   -3.9690097451    0.8253498169
  -2.0506609740   -4.8369566010    0.8253498169
  -1.0504542624   -5.3186307669    0.8253498169
  -1.7456338714   -4.3295659708   -0.0505932249
  -0.7670872395   -4.7764532438   -0.0505932249
  -1.0120040477   -3.7815143687   -0.6358796535
   0.8709378983   -3.0408343392    4.3408224921
   1.9041831657   -3.0408343392    4.1352972299
   1.3875605320   -2.1460176893    4.1352972299
   2.7801262075   -3.0408343392    3.5500108013
   2.4770493083   -2.0086492111    3.5500108013
   0.3158650499   -5.4727673873    0.6075772247
   0.5992320729   -4.9305898643   -0.2683658171
   1.6640433846   -4.7774931104   -0.2683658171
  -0.1623073691   -3.0408343392   -0.8536522457
   0.3543152646   -3.9356509891   -0.8536522457
   2.6142361007   -2.0457370618    3.4676222841
   2.0976134670   -1.1509204119    3.4676222841
   3.4901791426   -2.0457370618    2.8823358556
   3.1871022433   -1.0135519336    2.8823358556
   2.3740963196   -0.3090782906    2.8823358556
   3.1362703933   -0.0954781795    2.0063928137
   3.4901791426   -0.1365487526    0.9731475464
   1.3092850079   -3.9354925868   -0.9360407628
   2.3740963196   -3.7823958330   -0.9360407628
   2.6142361007   -2.0457370618   -1.5213271914
   1.0643681997   -2.9405537117   -1.5213271914
   2.0976134670   -2.9405537117   -1.5213271914
   1.4437319928    0.0001809712    3.0162339203
   2.5332207691    0.1375494494    2.4309474918
   1.7202148454    0.8420230925    2.4309474918
   3.1745534396    0.1876763476    1.5550044499
   2.4823889191    1.0556232035    1.5550044499
   1.4821822075    1.5372973694    1.5550044499
   1.9603546265   -0.8946356787   -1.9727155552
  -0.1061359082   -0.8946356787   -1.9727155552
   0.4104867254   -1.7894523286   -1.9727155552
   1.4437319928   -1.7894523286   -1.9727155552
   0.9271093591   -0.8946356787   -2.1782408175
  -2.9177765864    5.0553160770    0.5252300847
  -3.4577765864    4.1200086409    0.5252300847
  -2.6439928394    5.9715833509   -0.2653847874
  -3.6027688145    5.5337250344   -0.2653847874
  -4.1726184126    4.6470217517   -0.2653847874
  -4.1726184126    3.5929955301   -0.2653847874
  -2.1174173571    6.2642598090   -1.3453847874
  -3.1437231424    6.1396437251   -1.3453847874
  -3.9945598025    5.5523535827   -1.3453847874
  -4.4750109121    4.6369304758   -1.3453847874
  -4.4750109121    3.6030868061   -1.3453847874
  -2.6439928394    5.9715833509   -2.4253847874
  -3.6027688145    5.5337250344   -2.4253847874
  -4.1726184126    4.6470217517   -2.4253847874
  -4.1726184126    3.5929955301   -2.4253847874
  -2.9177765864    5.0553160770   -3.2159996596
  -3.4577765864    4.1200086409   -3.2159996596
   0.7920553439    3.3106036318   -3.3234641661
   0.4951018415    4.3219343854   -3.3234641661
  -0.3014780269    5.0121747705   -3.3234641661
  -2.3035517564    1.8968872383   -3.3234641661
  -1.3447757813    1.4590289218   -3.3234641661
  -0.3014780269    1.6090324930   -3.3234641661
   0.4951018415    2.2992728781   -3.3234641661
   0.0014404717    3.3106036318   -4.1140790382
  -0.5385595283    4.2459110679   -4.1140790382
  -1.6185595283    4.2459110679   -4.1140790382
  -2.1585595283    3.3106036318   -4.1140790382
  -1.6185595283    2.3752961957   -4.1140790382
  -0.5385595283    2.3752961957   -4.1140790382
  -1.0785595283    3.3106036318   -4.4034641661
  -0.7363528472    4.1217795469    1.4894235918
   0.3436471528    4.1217795469    1.2000384640
  -0.1963528472    5.0570869830    1.2000384640
  -1.2763528472    5.0570869830    1.2000384640
   1.1342620249    4.1217795469    0.4094235918
   0.8373085225    5.1331103006    0.4094235918
   0.0407286542    5.8233506857    0.4094235918
  -1.0025691003    5.9733542569    0.4094235918
   1.4236471528    4.1217795469   -0.6705764082
   1.1762321682    5.1255815986   -0.6705764082
   0.4906670057    5.8994246973   -0.6705764082
  -0.4759936179    6.2660307150   -0.6705764082
   1.1342620249    4.1217795469   -1.7505764082
   0.8373085225    5.1331103006   -1.7505764082
   0.0407286542    5.8233506857   -1.7505764082
  -2.7001137352    1.3570968420    2.3851342292
  -3.2401137352    0.4217894059    2.3851342292
  -3.3851059633    1.8355057993    1.5945193570
  -3.9549555614    0.9488025167    1.5945193570
  -3.9549555614   -0.1052237049    1.5945193570
  -4.2573480609    0.9387112408    0.5145193570
  -4.2573480609   -0.0951324290    0.5145193570
  -3.9549555614    0.9488025167   -0.5654806430
  -3.9549555614   -0.1052237049   -0.5654806430
  -3.3851059633   -0.9919269875   -0.5654806430
  -2.7559103247   -0.7049644224    3.4607352678
  -3.2959103247   -1.6402718585    3.4607352678
  -2.7559103247   -2.5755792946    3.4607352678
  -3.4409025529   -0.2265554650    2.6701203957
  -4.0107521509   -1.1132587477    2.6701203957
  -4.0107521509   -2.1672849693    2.6701203957
  -3.4409025529   -3.0539882519    2.6701203957
  -4.3131446504   -1.1233500236    1.5901203957
  -4.3131446504   -2.1571936933    1.5901203957
  -3.8326935408   -3.0726168003    1.5901203957
  -4.0107521509   -1.1132587477    0.5101203957
  -4.0107521509   -2.1672849693    0.5101203957
  -3.4409025529   -3.0539882519    0.5101203957
  -3.2959103247   -1.6402718585   -0.2804944765
  -1.0533618628   -3.6606178328    4.5391181442
  -2.1333618628   -3.6606178328    4.2497330164
  -1.5933618628   -4.5959252689    4.2497330164
  -0.5133618628   -4.5959252689    4.2497330164
  -2.8482036890   -3.1336047220    3.4591181442
  -2.8482036890   -4.1876309436    3.4591181442
  -2.2783540909   -5.0743342263    3.4591181442
  -1.3195781158   -5.5121925428    3.4591181442
  -0.2762803614   -5.3621889715    3.4591181442
  -3.1505961884   -4.1775396677    2.3791181442
  -2.6701450788   -5.0929627746    2.3791181442
  -1.8193084188   -5.6802529170    2.3791181442
  -0.7930026334   -5.8048690009    2.3791181442
  -2.8482036890   -4.1876309436    1.2991181442
  -2.2783540909   -5.0743342263    1.2991181442
  -1.3195781158   -5.5121925428    1.2991181442
   1.3827623724   -3.9337626100    4.1499706854
   2.4627623724   -3.9337626100    3.8605855576
   0.8427623724   -4.8690700460    3.8605855576
   1.9227623724   -4.8690700460    3.8605855576
   3.2533772445   -3.9337626100    3.0699706854
   0.1577701442   -5.3474790034    3.0699706854
   1.1165461193   -5.7853373199    3.0699706854
   2.1598438738   -5.6353337487    3.0699706854
   2.9564237421   -4.9450933636    3.0699706854
   3.5427623724   -3.9337626100    1.9899706854
   0.6168158163   -5.9533976942    1.9899706854
   1.6431216017   -6.0780137780    1.9899706854
   2.6097822253   -5.7114077603    1.9899706854
   3.2953473878   -4.9375646616    1.9899706854
   1.1165461193   -5.7853373199    0.9099706854
   2.1598438738   -5.6353337487    0.9099706854
   2.9564237421   -4.9450933636    0.9099706854
   3.7281648364   -2.1609772702    2.6710172027
   4.5187797085   -2.1609772702    1.8804023305
   4.2218262061   -1.1496465166    1.8804023305
   4.2218262061   -3.1723080239    1.8804023305
   4.8081648364   -2.1609772702    0.8004023305
   4.5607498518   -1.1571752186    0.8004023305
   3.8751846893   -0.3833321199    0.8004023305
   3.8751846893   -3.9386224206    0.8004023305
   4.5607498518   -3.1647793218    0.8004023305
   4.5187797085   -2.1609772702   -0.2795976695
   4.2218262061   -1.1496465166   -0.2795976695
   3.4252463378   -3.8625484089   -0.2795976695
   4.2218262061   -3.1723080239   -0.2795976695
   3.7281648364   -2.1609772702   -1.0702125417
   3.1881648364   -1.2256698341   -1.0702125417
   3.1881648364   -3.0962847063   -1.0702125417
   3.0918069857    0.8672793585    1.0860784524
   2.2952271174    1.5575197435    1.0860784524
   3.6781456159   -0.1440513952    0.0060784524
   3.4307306313    0.8597506564    0.0060784524
   3.3887604881   -0.1440513952   -1.0739215476
   3.0918069857    0.8672793585   -1.0739215476
   2.5981456159   -0.1440513952   -1.8645364198
   1.5181456159   -0.1440513952   -2.1539215476
  -1.9738066218    4.4218308181    1.5767958961
  -2.7235855043    4.9905958072    1.0558513631
  -3.3110269919    4.0765190103    1.0558513631
  -1.7323493206    6.1170800980    0.2577180337
  -0.1438766410    6.1779276686   -1.7632264993
  -1.1881766195    6.4750566302   -1.7632264993
   0.9126843147    4.5899692166   -2.7422819663
   0.2776759039    5.4639833126   -2.7422819663
  -0.6579267048    6.0041537306   -2.7422819663
  -1.7323493206    6.1170800980   -2.7422819663
  -4.0020784194    2.9930660020   -2.7422819663
  -3.5626642145    2.0061255386   -2.7422819663
  -0.6597055371    5.2873369479   -3.5404152956
  -1.7352110509    5.4419712959   -3.5404152956
  -3.3110269919    2.9899538296   -3.5404152956
  -2.7235855043    2.0758770327   -3.5404152956
  -1.2485122603    3.2544380660    2.0373174626
  -2.3200258710    3.2544380660    2.0373174626
  -2.8557826763    2.3264800587    2.0373174626
  -2.7742185593    4.0411228786    1.4303537589
  -3.4989118856    3.3164295524    1.4303537589
  -3.7641680530    2.3264800587    1.4303537589
  -3.8770849448    3.8469997982    0.5219683822
  -4.3146026003    2.8643190547    0.5219683822
  -4.3146026003    1.7886410627    0.5219683822
  -4.5365937448    2.8409787086   -0.5495452285
  -4.5365937448    1.8119814088   -0.5495452285
  -4.3146026003    1.7886410627   -1.6210588391
  -3.8770849448    0.8059603192   -1.6210588391
  -3.4989118856    1.3365305650   -2.5294442158
  -2.7742185593    0.6118372388   -2.5294442158
  -0.2090962386    2.3859458054    2.4660479333
   0.9001155890    2.5399030635    1.9451034003
   0.0789444162    3.2514519352    1.9451034003
  -0.9965610977    3.4060862831    1.9451034003
  -1.9849355511    0.0399920199   -2.6511632584
  -0.9965610977   -0.4113834687   -2.6511632584
  -1.2351566685    0.6087570090   -3.1721077914
   1.4846179267    1.7454452413    1.8588978143
   0.9488611214    2.6734032486    1.8588978143
   2.3930033034    1.7454452413    1.2519341106
   2.1277471360    2.7353947350    1.2519341106
   1.4030538098    3.4600880613    1.2519341106
   2.9999670071    1.7454452413    0.3435487339
   2.7763209770    2.7976170884    0.3435487339
   2.1440533171    3.6678588644    0.3435487339
   3.2131043161    1.7454452413   -0.7279648767
   3.0240265584    2.7569219066   -0.7279648767
   2.4823292843    3.6317930435   -0.7279648767
   1.6611717123    4.2519024571   -0.7279648767
   2.9999670071    1.7454452413   -1.7994784874
   2.7763209770    2.7976170884   -1.7994784874
   2.1440533171    3.6678588644   -1.7994784874
   2.3930033034    1.7454452413   -2.7078638641
   2.1277471360    2.7353947350   -2.7078638641
   1.4030538098    3.4600880613   -2.7078638641
   0.4131043161   -0.2344537460   -2.7078638641
   1.4030538098    0.0308024214   -2.7078638641
   2.1277471360    0.7554957477   -2.7078638641
   1.4846179267    1.7454452413   -3.3148275678
  -0.1226524892    0.8174872340   -3.3148275678
   0.9488611214    0.8174872340   -3.3148275678
   0.4131043161    1.7454452413   -3.5279648767
  -0.6578610013    1.2822876935    3.1328669923
  -1.6839214312    1.2822876935    3.1328669923
   0.4513508263    1.4362449515    2.6119224593
  -0.3698203465    2.1477938233    2.6119224593
  -1.4453258604    2.3024281712    2.6119224593
  -2.4337003138    1.8510526825    2.6119224593
  -3.2727790239   -1.1334175861   -1.1862108701
  -3.0211418013   -0.1495892951   -1.9843441994
  -2.4337003138   -1.0636660920   -1.9843441994
  -1.4453258604   -1.5150415806   -1.9843441994
  -1.6839214312   -0.4949011029   -2.5052887324
   0.0702200307    0.1575985077    3.5544915966
   0.3582606854    1.0231046375    3.0335470636
  -1.7056192819   -2.1883552777   -1.5627195951
  -0.7172448285   -2.6397307664   -1.5627195951
  -0.9558403993   -1.6195902886   -2.0836641281
  -0.6358405090   -0.8482457360    4.2268448741
  -1.6619009389   -0.8482457360    4.2268448741
  -2.1749311539   -1.7368401342    4.2268448741
   0.4733713186   -0.6942884780    3.7059003411
  -0.3477998542    0.0172603937    3.7059003411
  -1.4233053681    0.1718947417    3.7059003411
  -2.4116798215   -0.2794807470    3.7059003411
  -3.2507585316   -3.2639510156   -0.0922329882
  -2.9991213090   -2.2801227246   -0.8903663176
  -2.4116798215   -3.1941995215   -0.8903663176
  -1.6619009389   -2.6254345324   -1.4113108506
  -0.4953814140   -2.8866977188    4.8585950843
   0.5306790159   -2.8866977188    4.6776729466
   0.0176488010   -1.9981033206    4.6776729466
  -1.0084116290   -1.9981033206    4.6776729466
  -1.5214418440   -2.8866977188    4.6776729466
   0.0176488010   -3.7752921169    4.6776729466
   0.3056894557   -1.1325971908    4.1567284136
  -2.3456319991   -2.3434151284    4.1567284136
   0.3056894557   -4.6407982467    4.1567284136
  -0.2227816268   -5.8285179290    1.3376505513
  -2.5972692217   -4.4138086001    0.3585950843
  -1.7944195197   -5.1366977188    0.3585950843
  -0.7669543279   -5.4705413968    0.3585950843
  -1.7581905116   -4.3440571060   -0.4395382451
  -0.7698160582   -4.7954325947   -0.4395382451
  -1.0084116290   -3.7752921169   -0.9604827781
   0.8709378983   -3.0408343392    4.6408224921
   1.8969983283   -3.0408343392    4.4599003544
   1.3839681133   -2.1522399411    4.4599003544
   1.3839681133   -3.9294287374    4.4599003544
   2.7993007274   -3.0408343392    3.9389558214
   2.4931799408   -1.9982826830    3.9389558214
   1.6720087680   -1.2867338113    3.9389558214
   3.4690141097   -3.0408343392    3.1408224921
   0.0624215953   -5.8824743906    1.1198779591
   0.5993649845   -5.6246780173    0.1408224921
   1.6737876003   -5.5117516499    0.1408224921
   2.6093902090   -4.9715812319    0.1408224921
   0.5965032542   -4.9495692152   -0.6573108373
   1.6720087680   -4.7949348672   -0.6573108373
   0.3579076833   -3.9294287374   -1.1782553703
   2.0940210483   -1.1571426636    3.7922254087
   3.5093536624   -2.0457370618    3.2712808757
   3.2032328759   -1.0031854055    3.2712808757
   2.3820617031   -0.2916365338    3.2712808757
   3.9544515548   -0.9890042651    2.4731475464
   3.3194431440   -0.1149901691    2.4731475464
   3.7643359670   -0.0553549827    1.4940920794
   2.3838405353   -4.5166543724   -0.5268524536
   0.3181817358   -3.5030964490   -1.3249857830
   1.3065561892   -3.9544719377   -1.3249857830
   2.3820617031   -3.7998375897   -1.3249857830
   2.6070512633   -2.0457370618   -1.8459303160
   1.0679606184   -2.9343314599   -1.8459303160
   2.0940210483   -2.9343314599   -1.8459303160
   1.4401395741   -0.0060412805    3.3408370449
   2.5493514017    0.1479159775    2.8198925119
   1.7281802288    0.8594648492    2.8198925119
   2.6655616698    1.0361112139    2.0217591825
   1.7299590611    1.5762816319    2.0217591825
   3.6820270021    0.1726251020    1.0427037155
   1.9531697891   -0.8946356787   -2.2973186798
  -0.0989510708   -0.8946356787   -2.2973186798
   0.4140791441   -1.7832300769   -2.2973186798
   1.4401395741   -1.7832300769   -2.2973186798
   0.9271093591   -0.8946356787   -2.4782408175
  -2.6448155168    5.9773051976    0.1509907370
  -3.6065543587    5.5380937852    0.1509907370
  -4.1781649400    4.6486503591    0.1509907370
  -2.8984370734    6.4011712824   -0.8113345459
  -3.8366348523    5.9493590447   -0.8113345459
  -4.4858878600    5.1352215239   -0.8113345459
  -4.7176035757    4.1200086409   -0.8113345459
  -4.4858878600    3.1047957580   -0.8113345459
  -2.8984370734    6.4011712824   -1.8794350289
  -3.8366348523    5.9493590447   -1.8794350289
  -4.4858878600    5.1352215239   -1.8794350289
  -4.7176035757    4.1200086409   -1.8794350289
  -4.4858878600    3.1047957580   -1.8794350289
  -2.6448155168    5.9773051976   -2.8417603119
  -3.6065543587    5.5380937852   -2.8417603119
  -4.1781649400    4.6486503591   -2.8417603119
  -4.1781649400    3.5913669228   -2.8417603119
  -2.8984370734    5.0218190578   -3.5077100704
  -3.4190975603    4.1200086409   -3.5077100704
   1.0295517453    4.3258165147   -2.7775144076
   0.7978360296    3.3106036318   -3.7398396905
   0.4999648638    4.3250596601   -3.7398396905
  -0.2990766432    5.0174330672   -3.7398396905
  -2.3073373005    1.8925184875   -3.7398396905
  -1.3455984587    1.4533070751   -3.7398396905
  -0.2990766432    1.6037741963   -3.7398396905
   0.4999648638    2.2961476035   -3.7398396905
  -0.0372385544    3.3106036318   -4.4057894490
  -0.5578990414    4.2124140486   -4.4057894490
  -1.5992200153    4.2124140486   -4.4057894490
  -2.1198805022    3.3106036318   -4.4057894490
  -1.5992200153    2.4087932149   -4.4057894490
  -0.5578990414    2.4087932149   -4.4057894490
  -1.0785595283    3.3106036318   -4.6434641661
  -0.7363528472    4.1217795469    1.7294235918
   0.3049681266    4.1217795469    1.4917488747
  -0.2156923603    5.0235899638    1.4917488747
  -1.2570133342    5.0235899638    1.4917488747
   1.1400427107    4.1217795469    0.8257991162
   0.8421715448    5.1362355753    0.8257991162
   0.0431300378    5.8286089824    0.8257991162
  -1.0033917776    5.9790761036    0.8257991162
   1.3717584263    5.1369924299   -0.1365261667
   0.7225054187    5.9511299507   -0.1365261667
  -0.2156923603    6.4029421884   -0.1365261667
  -1.2570133342    6.4029421884   -0.1365261667
   1.3717584263    5.1369924299   -1.2046266497
   0.7225054187    5.9511299507   -1.2046266497
  -0.2156923603    6.4029421884   -1.2046266497
  -3.2014347091    0.4217894059    2.6768446400
  -3.3888915075    1.8398745501    2.0108948815
  -3.9605020888    0.9504311241    2.0108948815
  -4.2682250088    1.4370022889    1.0485695985
  -4.4999407245    0.4217894059    1.0485695985
  -4.4999407245    0.4217894059   -0.0195308845
  -4.2682250088   -0.5934234771   -0.0195308845
  -3.9605020888   -0.1068523123   -0.9818561674
  -2.7365708117   -0.7384614416    3.7524456786
  -3.2572312986   -1.6402718585    3.7524456786
  -3.4446880970   -0.2221867143    3.0864959201
  -4.0162986783   -1.1116301403    3.0864959201
  -4.0162986783   -2.1689135767    3.0864959201
  -3.4446880970   -3.0583570027    3.0864959201
  -4.3240215983   -0.6250589755    2.1241706371
  -4.5557373140   -1.6402718585    2.1241706371
  -4.3240215983   -2.6554847415    2.1241706371
  -3.6747685906   -3.4696222622    2.1241706371
  -4.3240215983   -0.6250589755    1.0560701542
  -4.5557373140   -1.6402718585    1.0560701542
  -4.3240215983   -2.6554847415    1.0560701542
  -3.6747685906   -3.4696222622    1.0560701542
  -4.0162986783   -1.1116301403    0.0937448712
  -4.0162986783   -2.1689135767    0.0937448712
  -1.0533618628   -3.6606178328    4.7791181442
  -2.0946828367   -3.6606178328    4.5414434272
  -1.5740223497   -4.5624282497    4.5414434272
  -0.5327013759   -4.5624282497    4.5414434272
  -2.8537502163   -3.1319761146    3.8754936687
  -2.8537502163   -4.1892595510    3.8754936687
  -2.2821396350   -5.0787029771    3.8754936687
  -1.3204007932   -5.5179143895    3.8754936687
  -0.2738789777   -5.3674472683    3.8754936687
  -3.3931888520   -3.6606178328    2.9131683857
  -3.1614731364   -4.6758307158    2.9131683857
  -2.5122201287   -5.4899682365    2.9131683857
  -1.5740223497   -5.9417804743    2.9131683857
  -0.5327013759   -5.9417804743    2.9131683857
  -3.1614731364   -4.6758307158    1.8450679027
  -2.5122201287   -5.4899682365    1.8450679027
  -1.5740223497   -5.9417804743    1.8450679027
  -0.5327013759   -5.9417804743    1.8450679027
   2.4240833462   -3.9337626100    4.1522959684
   0.8621018854   -4.8355730268    4.1522959684
   1.9034228593   -4.8355730268    4.1522959684
   3.2591579303   -3.9337626100    3.4863462099
   1.1157234420   -5.7910591666    3.4863462099
   2.1622452574   -5.6405920454    3.4863462099
   2.9612867644   -4.9482186383    3.4863462099
   3.7225893616   -3.9337626100    2.5240209269
   0.8621018854   -6.2149252514    2.5240209269
   1.9034228593   -6.2149252514    2.5240209269
   2.8416206383   -5.7631130137    2.5240209269
   3.4908736459   -4.9489754929    2.5240209269
   0.8621018854   -6.2149252514    1.4559204439
   1.9034228593   -6.2149252514    1.4559204439
   2.8416206383   -5.7631130137    1.4559204439
   3.4908736459   -4.9489754929    1.4559204439
   2.1622452574   -5.6405920454    0.4935951610
   2.9612867644   -4.9482186383    0.4935951610
   4.5245603943   -2.1609772702    2.2967778549
   4.2266892284   -1.1465212419    2.2967778549
   4.2266892284   -3.1754332985    2.2967778549
   4.9879918256   -2.1609772702    1.3344525720
   4.7562761099   -1.1457643872    1.3344525720
   4.1070231023   -0.3316268665    1.3344525720
   4.1070231023   -3.9903276739    1.3344525720
   4.7562761099   -3.1761901532    1.3344525720
   4.9879918256   -2.1609772702    0.2663520890
   4.7562761099   -1.1457643872    0.2663520890
   4.1070231023   -0.3316268665    0.2663520890
   4.1070231023   -3.9903276739    0.2663520890
   4.7562761099   -3.1761901532    0.2663520890
   4.5245603943   -2.1609772702   -0.6959731940
   4.2266892284   -1.1465212419   -0.6959731940
   3.4276477214   -3.8678067056   -0.6959731940
   4.2266892284   -3.1754332985   -0.6959731940
   3.6894858102   -2.1609772702   -1.3619229525
   3.1688253233   -3.0627876871   -1.3619229525
   3.6262568895    0.8711614878    0.5401286939
   2.9770038818    1.6852990085    0.5401286939
   3.8579726052   -0.1440513952   -0.5279717891
   3.6262568895    0.8711614878   -0.5279717891
   3.3945411738   -0.1440513952   -1.4902970721
   3.0966700080    0.8704046331   -1.4902970721
   2.5594665898   -0.1440513952   -2.1562468306
