   0.0126750529
   0.0055890268
   0.0069009242
   0.0139523021
   0.0090310927
   0.0233511129
  -0.0043797011
  -0.0120548700
  -0.0249575257
  -0.0219092042
   0.0030560360
  -0.0081315177
  -0.0181645151
  -0.0285612556
  -0.0307247187
  -0.0194822138
  -0.0194416537
  -0.0241580694
  -0.0176750694
   0.0054502168
  -0.0069629278
   0.0026182228
  -0.0038932432
   0.0064164951
  -0.0016455911
   0.0058415889
   0.0124912359
   0.0061247115
  -0.0023981754
   0.0114194483
   0.0045933335
   0.0086636023
   0.0216724503
   0.0243376103
   0.0186635315
  -0.0239198244
  -0.0277033457
  -0.0335867375
  -0.0308529819
  -0.0157281087
  -0.0094971998
  -0.0289879424
  -0.0350830870
  -0.0357117140
  -0.0338159517
  -0.0246441692
  -0.0099195045
  -0.0273499073
  -0.0343471006
  -0.0349268366
  -0.0332903580
  -0.0283552205
  -0.0136787111
  -0.0070320961
  -0.0203547591
  -0.0299851263
  -0.0299130651
  -0.0242071523
  -0.0071309040
  -0.0058332897
  -0.0172931540
  -0.0065851964
   0.0007001003
  -0.0168695899
   0.0086531597
   0.0088785609
   0.0016587940
   0.0168815441
   0.0118686662
   0.0107635183
   0.0085526572
   0.0036971872
   0.0107675805
   0.0084713513
   0.0070198432
  -0.0147051732
  -0.0020604124
   0.0008261906
   0.0042732343
   0.0057309533
   0.0056722431
   0.0101947533
   0.0167758072
   0.0065842644
   0.0090358914
   0.0105243346
   0.0118128019
   0.0096012282
   0.0098032415
   0.0135369827
   0.0090893531
   0.0218177935
   0.0165119397
   0.0134083228
   0.0105578096
   0.0080496786
   0.0140902694
   0.0201831791
   0.0185311192
   0.0153634270
   0.0118364866
   0.0163696397
   0.0190828983
   0.0149777689
   0.0250043907
   0.0210718228
   0.0206398096
   0.0189612636
   0.0216196282
   0.0215353617
   0.0221917407
   0.0215360060
   0.0237138492
   0.0232022070
   0.0207332163
   0.0192088639
   0.0212153799
   0.0210724114
   0.0223139809
   0.0171517795
   0.0210487973
   0.0217993944
   0.0232946583
   0.0248759531
   0.0204805107
   0.0223861832
   0.0148247724
   0.0039776195
   0.0062477737
   0.0051279632
   0.0068885831
   0.0127682413
   0.0200973440
   0.0071612443
  -0.0081572526
  -0.0168478371
  -0.0148842984
   0.0007446011
  -0.0075553619
  -0.0148892953
  -0.0213418921
  -0.0218615232
  -0.0133482617
  -0.0195253623
  -0.0195423150
  -0.0123043121
  -0.0114313514
  -0.0088172919
   0.0083495678
   0.0017360929
  -0.0024583072
   0.0008928548
  -0.0029218086
   0.0000486655
   0.0047621547
   0.0003074755
   0.0117115327
   0.0001904883
  -0.0020773097
   0.0012589727
   0.0073959108
   0.0195830316
   0.0173714861
  -0.0187494922
  -0.0216805143
  -0.0261831186
  -0.0236219754
  -0.0132763715
  -0.0100100007
  -0.0228613140
  -0.0279763192
  -0.0287960846
  -0.0267347450
  -0.0193288568
  -0.0102472638
  -0.0223023085
  -0.0276826818
  -0.0288965501
  -0.0281204645
  -0.0252579279
  -0.0177060561
  -0.0021227870
  -0.0099507325
  -0.0191083322
  -0.0255631969
  -0.0269311260
  -0.0255753155
  -0.0214547397
  -0.0115983204
  -0.0120392110
  -0.0203950193
  -0.0207920515
  -0.0152296216
  -0.0000201726
  -0.0002287277
  -0.0089649463
  -0.0002635223
  -0.0018162089
   0.0029173060
   0.0060982496
   0.0042604642
  -0.0024977812
   0.0101799716
   0.0089742713
   0.0078236533
   0.0053294739
   0.0008255263
   0.0116852105
   0.0089805591
   0.0078165755
   0.0062920205
   0.0039799465
  -0.0061894478
  -0.0071928136
   0.0020863832
   0.0020866302
   0.0001107576
   0.0042767295
   0.0055011264
   0.0063297853
   0.0058277092
   0.0093425287
   0.0063738644
   0.0078090168
   0.0086636417
   0.0102646845
   0.0084878765
   0.0148831229
   0.0111961619
   0.0090239109
   0.0073681036
   0.0200483505
   0.0160432682
   0.0133739290
   0.0112471398
   0.0092085072
   0.0077316304
   0.0129346835
   0.0168763766
   0.0163873988
   0.0143399504
   0.0121118095
   0.0107124614
   0.0139447461
   0.0164406990
   0.0127080950
   0.0167395849
   0.0162809278
   0.0154559423
   0.0167567613
   0.0171280207
   0.0176856435
   0.0173902180
   0.0188276732
   0.0178081912
   0.0186524255
   0.0191268703
   0.0200382278
   0.0216070472
   0.0147975115
   0.0178199544
   0.0174672444
   0.0184773039
   0.0111253012
   0.0158725210
   0.0167231666
   0.0169785500
   0.0181174495
   0.0150128747
   0.0174490922
   0.0179858852
   0.0190013403
   0.0208819254
   0.0193956719
   0.0173308417
   0.0187508188
  -0.0049814839
   0.0128835191
   0.0130617314
   0.0090068801
   0.0071741654
   0.0058798262
   0.0045438784
   0.0039959819
   0.0054042712
   0.0121827112
   0.0119222506
   0.0095058841
   0.0182231152
   0.0192700804
  -0.0060785917
  -0.0118841654
  -0.0108535142
  -0.0003204688
  -0.0061066708
  -0.0114745500
  -0.0157822783
  -0.0158425456
  -0.0099639031
   0.0093477549
   0.0045651228
  -0.0124907891
  -0.0159622496
  -0.0151624876
  -0.0093586604
  -0.0108369341
  -0.0113775971
  -0.0073886465
  -0.0029918906
   0.0062993936
  -0.0047556224
  -0.0077942930
  -0.0019744925
  -0.0038058647
  -0.0028884593
   0.0007110793
  -0.0028449047
   0.0049883661
  -0.0026895535
  -0.0066916884
  -0.0016099024
  -0.0008738419
   0.0074605957
   0.0010583548
   0.0072148565
  -0.0152133160
  -0.0176894872
  -0.0213619800
  -0.0189543601
  -0.0106968924
  -0.0087777294
  -0.0186130289
  -0.0227885868
  -0.0237709711
  -0.0224811297
  -0.0180321238
  -0.0090773948
  -0.0100203321
  -0.0179374349
  -0.0223768787
  -0.0237756320
  -0.0233576079
  -0.0212919985
  -0.0163805042
  -0.0067786925
  -0.0093305142
  -0.0149872463
  -0.0202062844
  -0.0217983579
  -0.0210620982
  -0.0181914314
  -0.0118043305
   0.0007723887
  -0.0087998981
  -0.0153642375
  -0.0163993408
  -0.0130626053
  -0.0039548183
   0.0014224403
  -0.0055816231
   0.0019660134
  -0.0031399012
   0.0015836482
   0.0045173617
   0.0027673195
  -0.0035250440
   0.0099011468
   0.0080544995
   0.0070260666
   0.0056499376
   0.0032065204
  -0.0008291075
   0.0090956667
   0.0074665669
   0.0063180912
   0.0048408092
  -0.0068026898
   0.0015620595
   0.0009147333
  -0.0015354580
   0.0028618515
   0.0042367731
   0.0046443544
   0.0048296023
   0.0041274123
   0.0080153339
   0.0059477513
   0.0067071396
   0.0071802830
   0.0094415640
   0.0076533836
   0.0159379591
   0.0114821222
   0.0091041599
   0.0075183484
   0.0155903946
   0.0127404864
   0.0107614213
   0.0091195532
   0.0077234143
   0.0119158386
   0.0153948862
   0.0145462884
   0.0124487629
   0.0105151561
   0.0096141130
   0.0123041820
   0.0128753583
   0.0100702057
   0.0128128621
   0.0132474319
   0.0132297588
   0.0126101915
   0.0129680807
   0.0137176745
   0.0146644162
   0.0149497612
   0.0145919946
   0.0150533772
   0.0157015318
   0.0163825926
   0.0169368353
   0.0176784554
   0.0191460509
   0.0116648929
   0.0134656894
   0.0136935873
   0.0086543332
   0.0130613749
   0.0135310621
   0.0137769537
   0.0149962135
   0.0126117365
   0.0147154934
   0.0151791592
   0.0164679222
   0.0184400647
   0.0148820037
   0.0161624759
  -0.0058335222
  -0.0006478533
   0.0094932347
   0.0035604418
   0.0027595545
   0.0103829211
   0.0065565239
   0.0053277687
   0.0044368578
   0.0063559760
   0.0054876365
   0.0109938351
   0.0069957377
   0.0110392749
   0.0132704922
   0.0158098100
  -0.0050261234
  -0.0088823033
  -0.0085083187
  -0.0010528107
  -0.0049073641
  -0.0088381025
  -0.0118737594
  -0.0118996530
  -0.0080826882
   0.0037107334
   0.0007917868
  -0.0112599612
  -0.0128008398
  -0.0114626511
  -0.0072915669
  -0.0104575528
  -0.0097052087
  -0.0062993102
  -0.0058181070
  -0.0039045181
   0.0039114900
   0.0009044305
  -0.0057307990
  -0.0079510354
  -0.0034541581
  -0.0043443007
  -0.0043491293
  -0.0014770313
  -0.0024043017
  -0.0044840530
  -0.0020745072
   0.0034688515
  -0.0043804956
   0.0052537702
  -0.0035447909
  -0.0048582345
  -0.0015891466
   0.0003419145
   0.0020922224
   0.0073016247
   0.0029306113
   0.0064197323
  -0.0127329254
  -0.0146385937
  -0.0173508666
  -0.0153578600
  -0.0095419698
  -0.0086642186
  -0.0154861343
  -0.0186029100
  -0.0196275519
  -0.0189430305
  -0.0163275086
  -0.0112916402
  -0.0100987005
  -0.0152852420
  -0.0186495999
  -0.0200206113
  -0.0199717350
  -0.0186668374
  -0.0156345736
  -0.0100688417
  -0.0096259514
  -0.0137613113
  -0.0173601539
  -0.0189876956
  -0.0191687325
  -0.0182038689
  -0.0159050373
  -0.0115767487
  -0.0042522705
  -0.0080179164
  -0.0104339172
  -0.0147850779
  -0.0164926729
  -0.0161642786
  -0.0139745407
  -0.0092878709
  -0.0006484664
  -0.0047593018
  -0.0098819877
  -0.0112164989
  -0.0092215256
  -0.0034213803
  -0.0016656876
   0.0045408965
  -0.0037816696
   0.0027617931
   0.0012824614
  -0.0041590047
   0.0070366707
   0.0062831412
   0.0054835276
   0.0042327924
   0.0020236739
  -0.0017892578
   0.0090352399
   0.0071975372
   0.0061337248
   0.0050135310
   0.0035047650
   0.0064085710
   0.0053375377
  -0.0012141747
  -0.0044354420
  -0.0018492300
   0.0029619575
   0.0027747711
   0.0022442418
   0.0007901423
   0.0047103497
   0.0045701335
   0.0047852946
   0.0048821398
   0.0046561053
   0.0077898276
   0.0057854962
   0.0061373447
   0.0066152399
   0.0088783900
   0.0072396289
   0.0157405881
   0.0120541318
   0.0098049710
   0.0082915900
   0.0070985246
   0.0164977296
   0.0137310303
   0.0115338109
   0.0099009954
   0.0085710204
   0.0075372186
   0.0110136382
   0.0135023803
   0.0128195902
   0.0110741801
   0.0095705908
   0.0091040412
   0.0110546265
   0.0104220851
   0.0105603064
   0.0100558479
   0.0099585368
   0.0115032563
   0.0121526836
   0.0121754538
   0.0116694081
   0.0127194106
   0.0133909610
   0.0136360200
   0.0136891787
   0.0141265847
   0.0148835690
   0.0098185437
   0.0101510788
   0.0095858154
   0.0103567506
   0.0089621925
   0.0114404864
   0.0116072083
   0.0119321602
   0.0131476950
   0.0153473351
   0.0114165005
   0.0128575333
   0.0132220941
   0.0144719537
   0.0160538736
   0.0132326757
   0.0141706977
