  -3.6905818298   -1.2661868271    0.8613927606
  -2.3962742760   -3.7322838318    0.8613927606
  -1.9104253703   -3.5688918013   -0.1886072394
  -0.6016040132   -1.7687497221   -0.9572605873
  -1.1266040132   -2.6780763961   -0.9572605873
  -1.4186828947    1.4428702606    0.0844508521
  -0.3569834413   -0.3748678439    4.4621488962
  -1.4069834413   -0.3748678439    4.1808022442
  -0.8819834413   -1.2841945179    4.1808022442
   0.1680165587   -1.2841945179    4.1808022442
  -2.1019685501    0.1375060138    3.4121488962
  -2.1019685501   -0.8872417016    3.4121488962
  -1.5479481075   -1.7493143375    3.4121488962
  -0.6158047984   -2.1750099230    3.4121488962
   0.3985124629   -2.0291731176    3.4121488962
   1.1729651127   -1.3581060766    3.4121488962
  -0.1038564127   -2.4595564795    2.3621488962
   0.8359525269   -2.1031339623    2.3621488962
   1.5024742126   -1.3507865052    2.3621488962
   1.4616699067   -0.3748678439    1.3121488962
   1.1729651127   -1.3581060766    1.3121488962
   0.0709395307    0.6762555821    4.7594388901
   1.1209395307    0.6762555821    4.4780922380
  -0.9790604693    0.6762555821    4.4780922380
  -0.4540604693   -0.2330710919    4.4780922380
   0.5959395307   -0.2330710919    4.4780922380
  -1.6740455781    1.1886294398    3.7094388901
   1.6008880847   -0.3069826506    3.7094388901
   2.1709395307    0.6762555821    2.6594388901
  -1.5009330404    2.0688131644    2.6594388901
   1.9303971846   -0.2996630792    2.6594388901
   1.8895928787    0.6762555821    1.6094388901
  -1.1200251355    2.0507020757    1.6094388901
   1.1209395307    0.6762555821    0.8407855421
   0.5959395307    1.5855822561    0.8407855421
   0.4939463008    1.7342520436    4.9069365219
   1.4739463008    1.7342520436    4.6443463133
   0.9839463008    2.5829569393    4.6443463133
   0.0039463008    2.5829569393    4.6443463133
  -0.4860536992    1.7342520436    4.6443463133
   0.9839463008    0.8855471479    4.6443463133
   2.1913560923    1.7342520436    3.9269365219
   1.8671796685    2.7319644861    3.9269365219
   1.0184747728    3.3485846866    3.9269365219
  -0.0305821711    3.3485846866    3.9269365219
  -0.8792870668    2.7319644861    3.9269365219
   1.8671796685    0.7365396011    3.9269365219
   2.4539463008    1.7342520436    2.9469365219
   2.1913560923    2.7142520436    2.9469365219
   1.4739463008    3.4316618350    2.9469365219
   0.4939463008    3.6942520436    2.9469365219
  -0.4860536992    3.4316618350    2.9469365219
  -1.2034634906    2.7142520436    2.9469365219
   2.1913560923    0.7542520436    2.9469365219
   2.1913560923    1.7342520436    1.9669365219
   1.8671796685    2.7319644861    1.9669365219
   1.0184747728    3.3485846866    1.9669365219
  -0.0305821711    3.3485846866    1.9669365219
  -0.8792870668    2.7319644861    1.9669365219
   1.4739463008    1.7342520436    1.2495267305
   0.9839463008    2.5829569393    1.2495267305
   0.0039463008    2.5829569393    1.2495267305
  -2.2641668333   -2.1365671439    3.3712442178
  -1.2766876094   -2.1365671439    3.0503927683
  -3.0630543070   -1.5561414192    3.0503927683
  -3.0630543070   -2.7169928686    3.0503927683
  -1.9590189715   -3.0757156945    3.0503927683
  -3.0630543070   -0.7528534500    2.2103927683
  -3.7655841610   -1.5900959274    2.2103927683
  -3.7655841610   -2.6830383604    2.2103927683
  -3.0630543070   -3.5202808379    2.2103927683
  -1.9867161253   -3.7100682997    2.2103927683
  -3.7655841610   -1.5900959274    1.1720956672
  -3.7655841610   -2.6830383604    1.1720956672
  -3.0630543070   -3.5202808379    1.1720956672
   0.1772754707   -2.4582760735    2.0949439662
  -0.5050558914   -3.3974246240    2.0949439662
   0.7875711942   -2.4582760735    1.2549439662
  -1.6090912269   -3.8419897674    1.2549439662
  -0.5327530452   -4.0317772292    1.2549439662
   0.4137628666   -3.4853060127    1.2549439662
   0.7875711942   -2.4582760735    0.2166468651
   0.4137628666   -1.4312461342    0.2166468651
  -1.6090912269   -3.8419897674    0.2166468651
  -0.5327530452   -4.0317772292    0.2166468651
   0.4137628666   -3.4853060127    0.2166468651
   0.1772754707   -2.4582760735   -0.6233531349
  -0.5050558914   -3.3974246240   -0.6233531349
  -0.8102037532   -2.4582760735   -0.9442045844
  -3.7576510054   -1.2473482213    0.4688819594
  -3.7576510054   -2.3402906544    0.4688819594
  -3.0551211514   -0.4101057439   -0.5694151417
  -3.7576510054   -1.2473482213   -0.5694151417
  -3.7576510054   -2.3402906544   -0.5694151417
  -3.0551211514   -3.1775331318   -0.5694151417
  -1.9787829697   -3.3673205936   -0.5694151417
  -1.2687544538   -1.7938194378   -1.4094151417
  -1.9510858159   -0.8546708873   -1.4094151417
  -3.0551211514   -1.2133937131   -1.4094151417
  -3.0551211514   -2.3742451626   -1.4094151417
  -1.9510858159   -2.7329679884   -1.4094151417
  -2.2562336777   -1.7938194378   -1.7302665911
  -2.8234640548    0.8908087791    2.6008104294
  -2.8234640548   -0.2700426704    2.6008104294
  -1.7471258732    1.8838842101    1.7608104294
  -2.8234640548    1.6940967483    1.7608104294
  -3.5259939089    0.8568542709    1.7608104294
  -3.5259939089   -0.2360881622    1.7608104294
  -1.7471258732    1.8838842101    0.7225133283
  -2.8234640548    1.6940967483    0.7225133283
  -3.5259939089    0.8568542709    0.7225133283
  -3.5259939089   -0.2360881622    0.7225133283
  -1.7194287194    1.2495316049   -0.1174866717
  -2.8234640548    0.8908087791   -0.1174866717
   1.0357884215   -0.0132312479    0.7996853149
   1.0357884215   -0.0132312479   -0.2386117862
   0.6619800939    1.0137986913   -0.2386117862
  -0.2845358179    1.5602699078   -0.2386117862
  -1.3608739996    1.3704824461   -0.2386117862
   0.6619800939   -1.0402611871   -0.2386117862
   0.4254926980   -0.0132312479   -1.0786117862
  -0.2568386641    0.9259173026   -1.0786117862
  -1.3608739996    0.5671944768   -1.0786117862
  -1.3608739996   -0.5936569726   -1.0786117862
  -0.2568386641   -0.9523797985   -1.0786117862
  -0.5619865259   -0.0132312479   -1.3994632357
  -3.7597152868   -0.7535368392    1.3954430021
  -2.1722645001   -4.0499123636    1.3954430021
  -3.1104622791   -3.5981001258    0.3273425191
  -2.1722645001   -4.0499123636    0.3273425191
  -1.9186429435   -3.6260462788   -0.6349827639
  -0.6102830393   -1.7687497221   -1.3009325224
  -0.6392010507    1.9238908229    0.6004006106
   0.9482497359   -1.3724847015    0.6004006106
  -1.3983044152   -0.3748678439    4.5244741792
  -0.8776439282   -1.2766782608    4.5244741792
   0.1636770457   -1.2766782608    4.5244741792
  -2.1573717948    0.1537738743    3.8585244207
  -2.1573717948   -0.9035095621    3.8585244207
  -1.5857612135   -1.7929529881    3.8585244207
  -0.6240223716   -2.2321644006    3.8585244207
   0.4224994438   -2.0816972793    3.8585244207
   1.2215409508   -1.3893238722    3.8585244207
   0.1636770457   -2.6560304854    2.8961991377
   1.1018748246   -2.2042182476    2.8961991377
   1.7511278323   -1.3900807269    2.8961991377
   1.1018748246   -2.2042182476    1.8280986547
   1.7511278323   -1.3900807269    1.8280986547
   1.5194121167   -0.3748678439    0.8657733718
   1.2215409508   -1.3893238722    0.8657733718
   0.0709395307    0.6762555821    5.0594388901
  -0.9703814431    0.6762555821    4.8217641730
  -0.4497209562   -0.2255548348    4.8217641730
   0.5916000177   -0.2255548348    4.8217641730
  -1.7294488228    1.2048973003    4.1558144145
   1.6494639228   -0.3382004462    4.1558144145
  -2.0371717428    1.6914684651    3.1934891316
   2.1790508043   -0.3389573009    3.1934891316
   2.4107665200    0.6762555821    2.1253886486
   2.1790508043   -0.3389573009    2.1253886486
   1.9473350887    0.6762555821    1.1630633656
  -1.1578382415    2.0943407263    1.1630633656
   0.5916000177    1.5780659990    0.4971136071
   0.4939463008    1.7342520436    5.1869365219
   1.4658458765    1.7342520436    4.9651067860
   0.9798960886    2.5759417660    4.9651067860
   0.0079965130    2.5759417660    4.9651067860
  -0.4779532748    1.7342520436    4.9651067860
   0.9798960886    0.8925623212    4.9651067860
   2.2452488216    1.7342520436    4.3435536781
   1.9107798024    2.7636418376    4.3435536781
   1.0351285420    3.3998397180    4.3435536781
  -0.0472359404    3.3998397180    4.3435536781
  -0.9228872007    2.7636418376    4.3435536781
   1.9107798024    0.7048622496    4.3435536781
   2.6777848241    1.7342520436    3.4453834140
   2.4276392803    2.7491324094    3.4453834140
   1.7345079785    3.5315159140    3.4453834140
   0.7571789466    3.9021679253    3.4453834140
  -0.2804535120    3.7761765343    3.4453834140
  -1.1406803061    3.1824048504    3.4453834140
  -1.6264338439    2.2568788105    3.4453834140
   2.4276392803    0.7193716778    3.4453834140
   2.6777848241    1.7342520436    2.4484896298
   2.4276392803    2.7491324094    2.4484896298
   1.7345079785    3.5315159140    2.4484896298
   0.7571789466    3.9021679253    2.4484896298
  -0.2804535120    3.7761765343    2.4484896298
  -1.1406803061    3.1824048504    2.4484896298
   2.2452488216    1.7342520436    1.5503193657
   1.9107798024    2.7636418376    1.5503193657
   1.0351285420    3.3998397180    1.5503193657
  -0.0472359404    3.3998397180    1.5503193657
  -0.9228872007    2.7636418376    1.5503193657
   1.4658458765    1.7342520436    0.9287662578
   0.9798960886    2.5759417660    0.9287662578
   0.0079965130    2.5759417660    0.9287662578
  -2.2641668333   -2.1365671439    3.6112442178
  -2.7441668333   -1.3051827563    3.3540129931
  -3.2241668333   -2.1365671439    3.3540129931
  -2.7441668333   -2.9679515315    3.3540129931
  -1.7841668333   -2.9679515315    3.3540129931
  -3.6093750302   -1.1592161798    2.6512442178
  -3.9269356085   -2.1365671439    2.6512442178
  -3.6093750302   -3.1139181080    2.6512442178
  -2.7779906425   -3.7179542227    2.6512442178
  -1.7503430240   -3.7179542227    2.6512442178
  -3.9269356085   -1.1765671439    1.6912442178
  -4.1841668333   -2.1365671439    1.6912442178
  -3.9269356085   -3.0965671439    1.6912442178
  -3.2241668333   -3.7993359192    1.6912442178
  -2.2641668333   -4.0565671439    1.6912442178
  -0.3302037532   -3.2896604611    2.3985641909
   0.8525650221   -2.4582760735    1.6957954156
  -1.3240275625   -4.0396631523    1.6957954156
  -0.2963799439   -4.0396631523    1.6957954156
   0.5350044437   -3.4356270375    1.6957954156
   1.1097962468   -2.4582760735    0.7357954156
  -0.8102037532   -4.3782760735    0.7357954156
   0.1497962468   -4.1210448487    0.7357954156
   0.8525650221   -3.4182760735    0.7357954156
   0.8525650221   -2.4582760735   -0.2242045844
  -1.3240275625   -4.0396631523   -0.2242045844
  -0.2963799439   -4.0396631523   -0.2242045844
   0.5350044437   -3.4356270375   -0.2242045844
   0.1497962468   -2.4582760735   -0.9269733596
  -0.3302037532   -3.2896604611   -0.9269733596
  -3.9190024529   -0.8338194378   -0.0502665911
  -4.1762336777   -1.7938194378   -0.0502665911
  -3.9190024529   -2.7538194378   -0.0502665911
  -3.2162336777   -3.4565882131   -0.0502665911
  -2.7700574869   -0.2124323590   -1.0102665911
  -3.6014418746   -0.8164684738   -1.0102665911
  -3.9190024529   -1.7938194378   -1.0102665911
  -3.6014418746   -2.7711704019   -1.0102665911
  -2.7700574869   -3.3752065167   -1.0102665911
  -1.7424098684   -3.3752065167   -1.0102665911
  -1.2962336777   -1.7938194378   -1.7130353664
  -1.7762336777   -0.9624350502   -1.7130353664
  -2.7362336777   -0.9624350502   -1.7130353664
  -3.2162336777   -1.7938194378   -1.7130353664
  -2.7362336777   -2.6252038255   -1.7130353664
  -1.7762336777   -2.6252038255   -1.7130353664
  -2.2562336777   -1.7938194378   -1.9702665911
  -2.5045765812    1.1417674420    2.9044306542
  -2.9845765812    0.3103830543    2.9044306542
  -2.5384003904    1.8917701332    2.2016618789
  -3.3697847781    1.2877340184    2.2016618789
  -3.6873453564    0.3103830543    2.2016618789
  -2.0245765812    2.2303830543    1.2416618789
  -2.9845765812    1.9731518296    1.2416618789
  -3.6873453564    1.2703830543    1.2416618789
  -3.9445765812    0.3103830543    1.2416618789
  -1.5107527719    1.8917701332    0.2816618789
  -2.5384003904    1.8917701332    0.2816618789
  -3.3697847781    1.2877340184    0.2816618789
  -3.6873453564    0.3103830543    0.2816618789
  -2.5045765812    1.1417674420   -0.4211068964
  -2.9845765812    0.3103830543   -0.4211068964
   1.3580134741   -0.0132312479    0.2805367643
   1.1007822494    0.9467687521    0.2805367643
   0.3980134741    1.6495375274    0.2805367643
  -0.5619865259    1.9067687521    0.2805367643
   1.1007822494   -0.9732312479    0.2805367643
   1.1007822494   -0.0132312479   -0.6794632357
   0.7832216710    0.9641197162   -0.6794632357
  -0.0481627166    1.5681558309   -0.6794632357
  -1.0758103351    1.5681558309   -0.6794632357
   0.7832216710   -0.9905822120   -0.6794632357
   0.3980134741   -0.0132312479   -1.3822320109
  -0.0819865259    0.8181531397   -1.3822320109
  -1.0419865259    0.8181531397   -1.3822320109
  -1.5219865259   -0.0132312479   -1.3822320109
  -1.0419865259   -0.8446156355   -1.3822320109
  -0.0819865259   -0.8446156355   -1.3822320109
  -0.5619865259   -0.0132312479   -1.6394632357
  -0.8584985269   -3.5054084933    2.7705810698
  -3.8990480937   -0.6864376958    1.8946380280
  -4.1460787510   -0.7355044547    0.8613927606
  -4.3516040132   -1.7687497221    0.8613927606
  -4.1460787510   -2.8019949895    0.8613927606
  -3.5607923224   -3.6779380313    0.8613927606
  -2.6848492806   -4.2632244599    0.8613927606
  -1.6516040132   -4.4687497221    0.8613927606
  -2.2066768616   -4.2006827702   -0.1718525068
   0.2575842960   -1.7687497221   -1.0477955486
  -0.6183587458   -1.7687497221   -1.6330819772
   1.0875825429   -1.4395838449    0.1012055848
  -2.4101139951    1.0855964335   -0.7747374571
  -2.9917143056    0.1806086853   -0.7747374571
  -1.3902287087   -0.3748678439    4.8566236340
  -0.8736060750   -1.2696844938    4.8566236340
   0.1596391924   -1.2696844938    4.8566236340
  -2.1888362093    0.1630126600    4.2713372054
  -2.1888362093   -0.9127483477    4.2713372054
  -1.6072358987   -1.8177360959    4.2713372054
  -0.6286892667   -2.2646233689    4.2713372054
   0.4361220450   -2.1115266151    4.2713372054
   1.2491279687   -1.4070529720    4.2713372054
  -2.6044275218    0.7074441825    3.3953941636
  -2.8514581790   -0.3748678439    3.3953941636
  -0.9120562896   -2.8068008920    3.3953941636
   0.1980894071   -2.8068008920    3.3953941636
   1.1982961187   -2.3251267261    3.3953941636
   1.8904606392   -1.4571798702    3.3953941636
   0.6762618261   -2.8693425817    2.3621488962
   1.5522048679   -2.2840561531    2.3621488962
   2.1374912965   -1.4081131113    2.3621488962
   1.8904606392   -1.4571798702    1.3289036288
   1.2491279687   -1.4070529720    0.4529605870
   0.0709395307    0.6762555821    5.3594388901
   1.1041847981    0.6762555821    5.1539136278
  -0.9623057367    0.6762555821    5.1539136278
  -0.4456831030   -0.2185610678    5.1539136278
   0.5875621644   -0.2185610678    5.1539136278
  -1.7609132373    1.2141360860    4.5686271993
   1.6770509407   -0.3559295460    4.5686271993
  -2.1765045498    1.7585676085    3.6926841574
   2.3183836112   -0.4060564442    3.6926841574
   2.7709395307    0.6762555821    2.6594388901
   2.5654142685   -0.3569896853    2.6594388901
   2.5654142685    0.6762555821    1.6261936227
  -1.4843400293    2.6265144643    1.6261936227
   2.3183836112   -0.4060564442    1.6261936227
   1.9801278399    0.6762555821    0.7502505809
   0.4939463008    1.7342520436    5.4669365219
   1.5873333234    1.7342520436    5.2173780690
   1.0406398121    2.6811529813    5.2173780690
  -0.0527472105    2.6811529813    5.2173780690
  -0.5994407217    1.7342520436    5.2173780690
   1.0406398121    0.7873511059    5.2173780690
   2.4641616367    1.7342520436    4.5181308226
   2.1513969125    2.7994308733    4.5181308226
   1.3124033302    3.5264229508    4.5181308226
   0.2135554240    3.6844134281    4.5181308226
  -0.7962703600    3.2232414451    4.5181308226
  -1.3964614704    2.2893258477    4.5181308226
   2.1513969125    0.6690732139    4.5181308226
   2.9507646395    1.7342520436    3.5076892755
   2.7074631381    2.8002255707    3.5076892755
   2.0257474800    3.6550699675    3.5076892755
   1.0406398121    4.1294728172    3.5076892755
  -0.0527472105    4.1294728172    3.5076892755
  -1.0378548784    3.6550699675    3.5076892755
  -1.7195705364    2.8002255707    3.5076892755
   2.7074631381    0.6682785165    3.5076892755
   2.9507646395    1.7342520436    2.3861837683
   2.7074631381    2.8002255707    2.3861837683
   2.0257474800    3.6550699675    2.3861837683
   1.0406398121    4.1294728172    2.3861837683
  -0.0527472105    4.1294728172    2.3861837683
  -1.0378548784    3.6550699675    2.3861837683
  -1.7195705364    2.8002255707    2.3861837683
   2.4641616367    1.7342520436    1.3757422212
   2.1513969125    2.7994308733    1.3757422212
   1.3124033302    3.5264229508    1.3757422212
   0.2135554240    3.6844134281    1.3757422212
  -0.7962703600    3.2232414451    1.3757422212
   1.5873333234    1.7342520436    0.6764949748
   1.0406398121    2.6811529813    0.6764949748
  -0.0527472105    2.6811529813    0.6764949748
  -2.2641668333   -2.1365671439    3.8512442178
  -2.8041668333   -1.2012597078    3.5618590900
  -3.3441668333   -2.1365671439    3.5618590900
  -2.8041668333   -3.0718745800    3.5618590900
  -1.7241668333   -3.0718745800    3.5618590900
  -3.4891590614   -0.7228507505    2.7712442178
  -4.0590086595   -1.6095540331    2.7712442178
  -4.0590086595   -2.6635802547    2.7712442178
  -3.4891590614   -3.5502835373    2.7712442178
  -2.5303830863   -3.9881418539    2.7712442178
  -1.4870853318   -3.8381382826    2.7712442178
  -4.3614011589   -1.6196453090    1.6912442178
  -4.3614011589   -2.6534889788    1.6912442178
  -3.8809500493   -3.5689120857    1.6912442178
  -3.0301133893   -4.1562022281    1.6912442178
  -0.2702037532   -3.3935835095    2.6064102878
  -1.0764200062   -4.3098507834    1.8157954156
  -0.0331222517   -4.1598472122    1.8157954156
   0.7634576166   -3.4696068271    1.8157954156
   1.3497962468   -2.4582760735    0.7357954156
  -1.5761503092   -4.4779111577    0.7357954156
  -0.5498445238   -4.6025272415    0.7357954156
   0.4168160998   -4.2359212238    0.7357954156
   1.1023812622   -3.4620781251    0.7357954156
   1.0604111190   -2.4582760735   -0.3442045844
  -1.0764200062   -4.3098507834   -0.3442045844
  -0.0331222517   -4.1598472122   -0.3442045844
   0.7634576166   -3.4696068271   -0.3442045844
   0.2697962468   -2.4582760735   -1.1348194565
  -0.2702037532   -3.3935835095   -1.1348194565
  -3.8730168937   -0.3614744960   -0.0502665911
  -4.3534680033   -1.2768976030   -0.0502665911
  -4.3534680033   -2.3107412727   -0.0502665911
  -3.8730168937   -3.2261643796   -0.0502665911
  -3.4812259058   -0.3801030444   -1.1302665911
  -4.0510755039   -1.2668063270   -1.1302665911
  -4.0510755039   -2.3208325487   -1.1302665911
  -3.4812259058   -3.2075358313   -1.1302665911
  -2.5224499307   -3.6453941478   -1.1302665911
  -1.1762336777   -1.7938194378   -1.9208814633
  -1.7162336777   -0.8585120018   -1.9208814633
  -2.7962336777   -0.8585120018   -1.9208814633
  -3.3362336777   -1.7938194378   -1.9208814633
  -2.7962336777   -2.7291268739   -1.9208814633
  -1.7162336777   -2.7291268739   -1.9208814633
  -2.2562336777   -1.7938194378   -2.2102665911
  -2.5645765812    1.2456904904    3.1122767511
  -3.1045765812    0.3103830543    3.1122767511
  -2.2907928342    2.1619577643    2.3216618789
  -3.2495688093    1.7240994478    2.3216618789
  -3.8194184073    0.8373961651    2.3216618789
  -3.8194184073   -0.2166300565    2.3216618789
  -1.7642173518    2.4546342224    1.2416618789
  -2.7905231372    2.3300181385    1.2416618789
  -3.6413597972    1.7427279961    1.2416618789
  -4.1218109068    0.8273048892    1.2416618789
  -4.1218109068   -0.2065387805    1.2416618789
  -2.2907928342    2.1619577643    0.1616618789
  -3.2495688093    1.7240994478    0.1616618789
  -3.8194184073    0.8373961651    0.1616618789
  -3.8194184073   -0.2166300565    0.1616618789
  -2.5645765812    1.2456904904   -0.6289529933
  -3.1045765812    0.3103830543   -0.6289529933
   1.5980134741   -0.0132312479    0.2805367643
   1.3505984895    0.9905708037    0.2805367643
  -0.3016272965    2.1310199201    0.2805367643
   1.3505984895   -1.0170332995    0.2805367643
   1.3086283463   -0.0132312479   -0.7994632357
   1.0116748439    0.9980995057   -0.7994632357
   0.2150949756    1.6883398908   -0.7994632357
  -0.8282027789    1.8383434621   -0.7994632357
   1.0116748439   -1.0245620015   -0.7994632357
   0.5180134741   -0.0132312479   -1.5900781078
  -0.0219865259    0.9220761882   -1.5900781078
  -1.1019865259    0.9220761882   -1.5900781078
  -1.6419865259   -0.0132312479   -1.5900781078
  -0.0219865259   -0.9485386840   -1.5900781078
  -0.5619865259   -0.0132312479   -1.8794632357
  -0.8505331435   -3.5228502501    3.1595260900
  -0.8487543112   -4.2396670328    2.3613927606
  -4.5557226019   -1.2258758729    1.3823372936
  -2.4601203162   -4.6103897735    1.3823372936
  -1.3790042259   -4.7105699324    1.3823372936
  -4.5557226019   -1.2258758729    0.3404482276
  -4.1635052942   -3.3240531484    0.3404482276
  -3.4320417996   -4.1264303795    0.3404482276
  -2.4601203162   -4.6103897735    0.3404482276
  -2.9506421189   -4.0187497221   -0.6386072394
  -1.9231769270   -4.3525934002   -0.6386072394
   0.2767588159   -1.7687497221   -1.4367405687
  -0.8505331435   -3.5228502501   -1.4367405687
  -0.6255435832   -1.7687497221   -1.9576851018
  -1.4314344515    2.2265718595   -0.3655491479
  -2.4226706352    1.1000875687   -1.1636824772
  -1.3830438712   -0.3748678439    5.1812267586
  -0.8700136563   -1.2634622421    5.1812267586
   0.1560467737   -1.2634622421    5.1812267586
  -2.2072340263    0.1684147465    4.6602822256
  -2.2072340263   -0.9181504342    4.6602822256
  -1.6197925388   -1.8322272311    4.6602822256
  -0.6314180854   -2.2836027198    4.6602822256
   0.4440874284   -2.1289683718    4.6602822256
   1.2652586013   -1.4174195001    4.6602822256
  -2.8982854539    0.1653025741    3.8621488962
  -2.8982854539   -0.9150382619    3.8621488962
  -0.6285563551   -2.9587115219    3.8621488962
   0.4458662607   -2.8457851545    3.8621488962
   1.3814688694   -2.3056147365    3.8621488962
   2.0164772802   -1.4316006405    3.8621488962
   0.9599163245   -3.0195590925    2.8830934292
   1.8263616924   -2.3652499230    2.8830934292
   2.3979342017   -1.4421286246    2.8830934292
   1.8263616924   -2.3652499230    1.8412043632
   2.3979342017   -1.4421286246    1.8412043632
   2.2410927701   -0.3748678439    0.8621488962
   2.0164772802   -1.4316006405    0.8621488962
   0.0709395307    0.6762555821    5.6594388901
   1.0969999607    0.6762555821    5.4785167524
  -0.9551208992    0.6762555821    5.4785167524
  -0.4420906843   -0.2123388161    5.4785167524
   0.5839697457   -0.2123388161    5.4785167524
  -1.7793110543    1.2195381725    4.9575722194
  -1.7793110543    0.1329729918    4.9575722194
   1.6931815733   -0.3662960741    4.9575722194
  -2.0309482769    2.2033664635    4.1594388901
  -2.4703624819    1.2164260001    4.1594388901
   2.4444002522   -0.3804772145    4.1594388901
  -2.4409617503    2.2315590084    3.1803834231
   2.8258571737   -0.3910051986    3.1803834231
   3.0253627898    0.6762555821    2.1384943571
   2.8258571737   -0.3910051986    2.1384943571
   2.6690157421    0.6762555821    1.1594388901
   2.4444002522   -0.3804772145    1.1594388901
   1.9993023598    0.6762555821    0.3613055607
   1.6931815733    1.7188072384    0.3613055607
  -0.2034951134    2.5849904580    0.3613055607
   0.4939463008    1.7342520436    5.7469365219
   1.5654599115    1.7342520436    5.5337992129
   1.0297031061    2.6622100509    5.5337992129
  -0.0418105045    2.6622100509    5.5337992129
  -0.5775673098    1.7342520436    5.5337992129
   1.0297031061    0.8062940363    5.5337992129
   2.4738452882    1.7342520436    4.9268355092
   2.2085891208    2.7242015373    4.9268355092
   1.4838957945    3.4488948636    4.9268355092
   0.4939463008    3.7141510309    4.9268355092
  -0.4960031928    3.4488948636    4.9268355092
  -1.2206965191    2.7242015373    4.9268355092
   2.2085891208    0.7443025500    4.9268355092
   3.0808089919    1.7342520436    4.0184501325
   2.8571629618    2.7864238907    4.0184501325
   2.2248953019    3.6566656667    4.0184501325
   1.2933308345    4.1945046627    4.0184501325
   0.2235455191    4.3069436302    4.0184501325
  -0.7994850447    3.9745408502    4.0184501325
  -1.5988695783    3.2547717831    4.0184501325
   2.8571629618    0.6820801966    4.0184501325
   3.2939463008    1.7342520436    2.9469365219
   3.1048685432    2.7457287089    2.9469365219
   2.5631712691    3.6205998458    2.9469365219
   1.7420136970    4.2407092594    2.9469365219
   0.7522977073    4.5223077372    2.9469365219
  -0.2723100714    4.4273638445    2.9469365219
  -1.1934306810    3.9687002800    2.9469365219
  -1.8866616792    3.2082620997    2.9469365219
   3.1048685432    0.7227753783    2.9469365219
   3.0808089919    1.7342520436    1.8754229113
   2.8571629618    2.7864238907    1.8754229113
   2.2248953019    3.6566656667    1.8754229113
   1.2933308345    4.1945046627    1.8754229113
   0.2235455191    4.3069436302    1.8754229113
  -0.7994850447    3.9745408502    1.8754229113
  -1.5988695783    3.2547717831    1.8754229113
   2.4738452882    1.7342520436    0.9670375346
   2.2085891208    2.7242015373    0.9670375346
   1.4838957945    3.4488948636    0.9670375346
   0.4939463008    3.7141510309    0.9670375346
  -0.4960031928    3.4488948636    0.9670375346
   1.0297031061    2.6622100509    0.3600738309
  -0.0418105045    2.6622100509    0.3600738309
  -2.2641668333   -2.1365671439    4.0912442178
  -3.3054878072   -2.1365671439    3.8535695008
  -2.7848273202   -3.0383775608    3.8535695008
  -1.7435063463   -3.0383775608    3.8535695008
  -3.4929446055   -0.7184819997    3.1876197423
  -4.0645551868   -1.6079254257    3.1876197423
  -4.0645551868   -2.6652088621    3.1876197423
  -3.4929446055   -3.5546522881    3.1876197423
  -2.5312057636   -3.9938637006    3.1876197423
  -1.4846839482   -3.8433965793    3.1876197423
  -4.3722781068   -1.1213542609    2.2252944593
  -4.6039938225   -2.1365671439    2.2252944593
  -4.3722781068   -3.1517800269    2.2252944593
  -3.7230250992   -3.9659175476    2.2252944593
  -2.7848273202   -4.4177297854    2.2252944593
  -4.3722781068   -3.1517800269    1.1571939763
  -3.7230250992   -3.9659175476    1.1571939763
  -0.0307208681   -4.1651055089    2.2321709401
   0.7683206389   -3.4727321018    2.2321709401
   1.5296232361   -2.4582760735    1.2698456571
  -1.3308642401   -4.7394387149    1.2698456571
  -0.2895432662   -4.7394387149    1.2698456571
   0.6486545127   -4.2876264772    1.2698456571
   1.2979075204   -3.4734889564    1.2698456571
   1.5296232361   -2.4582760735    0.2017451742
  -1.3308642401   -4.7394387149    0.2017451742
  -0.2895432662   -4.7394387149    0.2017451742
   0.6486545127   -4.2876264772    0.2017451742
   1.2979075204   -3.4734889564    0.2017451742
   1.0661918047   -2.4582760735   -0.7605801088
  -1.0772426835   -4.3155726301   -0.7605801088
  -0.0307208681   -4.1651055089   -0.7605801088
   0.7683206389   -3.4727321018   -0.7605801088
   0.2311172207   -2.4582760735   -1.4265298673
  -0.2895432662   -3.3600864903   -1.4265298673
  -3.7150919436    0.0355309659   -0.5843168326
  -4.3643449512   -0.7786065549   -0.5843168326
  -4.5960606669   -1.7938194378   -0.5843168326
  -4.3643449512   -2.8090323208   -0.5843168326
  -3.7150919436   -3.6231698416   -0.5843168326
  -2.5232726080    0.0634771188   -1.5466421156
  -3.4850114499   -0.3757342936   -1.5466421156
  -4.0566220312   -1.2651777197   -1.5466421156
  -4.0566220312   -2.3224611560   -1.5466421156
  -3.4850114499   -3.2119045821   -1.5466421156
  -2.5232726080   -3.6511159945   -1.5466421156
  -1.2149127038   -1.7938194378   -2.2125918741
  -1.7355731907   -0.8920090210   -2.2125918741
  -2.7768941646   -0.8920090210   -2.2125918741
  -3.2975546515   -1.7938194378   -2.2125918741
  -2.7768941646   -2.6956298547   -2.2125918741
  -1.7355731907   -2.6956298547   -2.2125918741
  -2.2562336777   -1.7938194378   -2.4502665911
  -3.2533543534    1.7284681986    2.7380374033
  -3.8249649347    0.8390247725    2.7380374033
  -3.8249649347   -0.2182586638    2.7380374033
  -2.5452370681    2.5915456958    1.7757121204
  -3.4834348471    2.1397334581    1.7757121204
  -4.1326878547    1.3255959373    1.7757121204
  -4.3644035704    0.3103830543    1.7757121204
  -2.5452370681    2.5915456958    0.7076116374
  -3.4834348471    2.1397334581    0.7076116374
  -4.1326878547    1.3255959373    0.7076116374
  -4.3644035704    0.3103830543    0.7076116374
  -2.2916155115    2.1676796110   -0.2547136456
  -3.2533543534    1.7284681986   -0.2547136456
  -3.8249649347    0.8390247725   -0.2547136456
   1.7778404634   -0.0132312479   -0.2535134772
   1.5461247477    1.0019816351   -0.2535134772
   0.8968717400    1.8161191558   -0.2535134772
  -0.0413260389    2.2679313936   -0.2535134772
   1.5461247477   -1.0284441309   -0.2535134772
   1.3144090321   -0.0132312479   -1.2158387601
   1.0165378662    1.0012247804   -1.2158387601
   0.2174963592    1.6935981875   -1.2158387601
  -0.8290254562    1.8440653088   -1.2158387601
  -1.7907642981    1.4048538963   -1.2158387601
   1.0165378662   -1.0276872762   -1.2158387601
   0.4793344480   -0.0132312479   -1.8817885186
  -0.0413260389    0.8885791690   -1.8817885186
  -1.0826470128    0.8885791690   -1.8817885186
  -1.6033074997   -0.0132312479   -1.8817885186
  -0.0413260389   -0.9150416648   -1.8817885186
  -0.5619865259   -0.0132312479   -2.1194632357
